1,-1,292.70,190.40,33.60,78.50,1.0000,-1,-1,-1
1,-1,207.60,169.10,49.40,131.40,1.0000,-1,-1,-1
1,-1,154.00,169.80,53.50,130.20,1.0000,-1,-1,-1
1,-1,498.50,15.00,142.50,450.60,0.9990,-1,-1,-1
2,0,286.10,192.10,32.50,76.40,1.0000,-1,-1,-1
2,1,200.70,164.70,49.20,135.40,1.0000,-1,-1,-1
2,2,147.60,168.60,54.90,134.00,1.0000,-1,-1,-1
2,3,472.70,27.10,168.30,424.00,1.0000,-1,-1,-1
3,0,282.00,189.40,30.90,78.30,1.0000,-1,-1,-1
3,1,198.50,161.10,49.00,137.30,1.0000,-1,-1,-1
3,2,144.70,165.80,56.50,133.80,1.0000,-1,-1,-1
3,3,462.70,24.20,178.30,424.60,1.0000,-1,-1,-1
4,0,278.10,188.20,30.00,77.10,1.0000,-1,-1,-1
4,1,196.10,160.50,47.60,136.10,1.0000,-1,-1,-1
4,2,143.90,163.40,54.10,130.20,1.0000,-1,-1,-1
4,3,447.50,32.00,193.50,414.70,1.0000,-1,-1,-1
5,0,272.10,188.20,29.50,77.80,1.0000,-1,-1,-1
5,1,191.20,162.00,47.70,136.80,1.0000,-1,-1,-1
5,2,143.60,164.50,49.70,132.30,1.0000,-1,-1,-1
5,3,439.00,42.50,195.30,399.80,1.0000,-1,-1,-1
6,0,267.10,186.90,27.10,75.00,1.0000,-1,-1,-1
6,1,185.70,161.30,46.80,133.70,1.0000,-1,-1,-1
6,2,136.40,162.70,51.60,133.20,1.0000,-1,-1,-1
6,3,426.80,43.10,188.40,395.00,1.0000,-1,-1,-1
7,0,262.00,187.20,25.50,73.10,1.0000,-1,-1,-1
7,1,182.10,158.30,48.60,135.20,1.0000,-1,-1,-1
7,2,132.40,164.60,50.70,127.00,1.0000,-1,-1,-1
7,3,417.30,45.80,185.80,382.80,1.0000,-1,-1,-1
8,0,255.70,184.60,25.70,73.70,1.0000,-1,-1,-1
8,1,178.70,155.60,47.80,135.80,1.0000,-1,-1,-1
8,2,128.10,161.60,49.80,129.40,1.0000,-1,-1,-1
8,3,410.20,38.70,160.10,395.60,1.0000,-1,-1,-1
9,0,250.20,181.90,26.20,74.40,1.0000,-1,-1,-1
9,1,175.90,152.00,47.00,135.00,1.0000,-1,-1,-1
9,2,124.40,158.60,49.40,131.40,1.0000,-1,-1,-1
9,3,397.70,31.70,146.80,398.70,1.0000,-1,-1,-1
9,-1,537.80,6.10,103.20,474.90,0.0970,-1,-1,-1
10,0,244.60,183.10,25.60,74.00,1.0000,-1,-1,-1
10,1,170.20,154.10,45.30,131.40,1.0000,-1,-1,-1
10,2,119.20,157.70,47.80,130.30,1.0000,-1,-1,-1
10,3,387.30,37.80,130.90,380.90,1.0000,-1,-1,-1
10,-1,491.00,12.80,150.00,468.20,0.9960,-1,-1,-1
11,0,238.60,181.80,25.70,76.70,0.9990,-1,-1,-1
11,1,165.60,154.40,46.70,128.80,1.0000,-1,-1,-1
11,2,113.30,156.20,51.60,131.40,1.0000,-1,-1,-1
11,3,382.60,41.50,122.70,371.30,0.9970,-1,-1,-1
11,4,448.90,8.00,192.10,473.00,0.9860,-1,-1,-1
12,0,233.80,178.40,28.00,78.30,1.0000,-1,-1,-1
12,1,162.80,154.60,47.50,128.90,1.0000,-1,-1,-1
12,2,109.50,151.90,53.10,131.10,1.0000,-1,-1,-1
12,3,372.40,45.70,121.50,360.30,0.7270,-1,-1,-1
12,4,447.90,1.00,193.10,480.00,0.9910,-1,-1,-1
13,0,229.50,178.70,27.90,76.40,1.0000,-1,-1,-1
13,1,159.60,156.40,48.50,123.90,1.0000,-1,-1,-1
13,2,108.50,154.30,51.70,125.30,1.0000,-1,-1,-1
13,4,421.70,12.00,219.30,469.00,0.9960,-1,-1,-1
13,3,366.60,48.50,102.10,333.40,0.0760,-1,-1,-1
14,0,224.40,176.60,31.50,78.20,1.0000,-1,-1,-1
14,1,157.30,154.70,48.60,123.70,1.0000,-1,-1,-1
14,2,106.00,157.30,50.70,124.00,1.0000,-1,-1,-1
14,4,401.50,7.30,236.50,473.70,0.9990,-1,-1,-1
15,0,219.80,176.10,31.00,77.70,1.0000,-1,-1,-1
15,1,155.10,154.70,49.20,124.80,1.0000,-1,-1,-1
15,2,100.10,157.50,50.70,126.00,1.0000,-1,-1,-1
15,4,354.80,7.00,269.60,474.00,1.0000,-1,-1,-1
16,0,217.70,177.40,29.10,76.30,1.0000,-1,-1,-1
16,1,153.30,151.60,47.50,126.00,1.0000,-1,-1,-1
16,2,97.10,158.20,50.80,120.80,1.0000,-1,-1,-1
16,4,324.40,7.70,242.20,473.30,1.0000,-1,-1,-1
17,0,212.00,174.80,30.30,76.10,1.0000,-1,-1,-1
17,1,150.50,148.70,47.70,124.90,1.0000,-1,-1,-1
17,2,91.40,150.90,50.20,128.40,1.0000,-1,-1,-1
17,4,282.00,1.00,242.20,480.00,1.0000,-1,-1,-1
18,0,209.20,175.60,31.20,77.10,1.0000,-1,-1,-1
18,1,149.20,147.40,47.00,127.90,1.0000,-1,-1,-1
18,2,90.50,152.90,51.00,120.70,1.0000,-1,-1,-1
18,4,241.30,1.80,261.70,479.20,1.0000,-1,-1,-1
19,1,144.60,149.70,47.80,124.20,1.0000,-1,-1,-1
19,2,88.00,149.70,48.80,126.00,1.0000,-1,-1,-1
19,4,188.60,1.10,289.60,479.90,1.0000,-1,-1,-1
19,0,202.80,176.10,30.20,75.10,0.4090,-1,-1,-1
19,-1,555.90,81.50,85.10,317.90,0.9840,-1,-1,-1
20,1,142.70,149.20,45.40,125.30,0.9990,-1,-1,-1
20,2,87.90,147.50,46.20,128.10,1.0000,-1,-1,-1
20,4,147.40,4.60,283.00,476.40,0.9990,-1,-1,-1
20,5,549.30,77.90,91.70,325.60,0.9990,-1,-1,-1
21,4,67.20,5.80,344.00,475.20,0.9990,-1,-1,-1
21,5,534.80,72.60,106.20,331.80,0.9990,-1,-1,-1
22,4,1.00,9.40,366.40,471.60,0.9970,-1,-1,-1
22,5,519.90,83.70,121.10,322.30,1.0000,-1,-1,-1
22,-1,351.60,143.00,71.80,177.10,0.1200,-1,-1,-1
22,-1,272.50,51.70,114.40,344.00,0.9930,-1,-1,-1
23,4,3.50,5.30,276.60,475.70,0.9960,-1,-1,-1
23,5,508.60,75.60,132.40,326.50,0.9990,-1,-1,-1
23,6,258.60,56.70,125.40,349.20,1.0000,-1,-1,-1
23,-1,352.30,136.50,59.00,183.90,0.1650,-1,-1,-1
24,4,6.80,1.00,226.30,480.00,0.9010,-1,-1,-1
24,5,496.30,75.80,139.90,323.00,1.0000,-1,-1,-1
24,6,253.10,57.20,124.60,336.20,1.0000,-1,-1,-1
24,-1,353.10,132.90,60.30,178.80,0.2690,-1,-1,-1
25,0,195.40,181.60,28.30,73.70,1.0000,-1,-1,-1
25,1,136.50,153.90,45.90,129.70,0.9060,-1,-1,-1
25,5,488.50,78.30,144.40,323.10,0.9990,-1,-1,-1
25,6,246.10,66.70,121.80,319.30,1.0000,-1,-1,-1
25,4,4.70,16.90,144.00,464.10,0.4050,-1,-1,-1
25,-1,346.40,135.90,65.30,180.60,0.9970,-1,-1,-1
26,0,194.90,181.50,30.10,75.40,1.0000,-1,-1,-1
26,1,141.40,157.60,45.50,117.20,1.0000,-1,-1,-1
26,2,86.40,155.50,50.10,123.10,0.9310,-1,-1,-1
26,5,483.20,78.30,131.60,322.30,0.9990,-1,-1,-1
26,6,245.90,59.80,118.00,324.50,1.0000,-1,-1,-1
26,7,349.00,139.50,64.90,182.80,0.9990,-1,-1,-1
26,-1,570.80,76.00,70.20,312.00,0.0590,-1,-1,-1
27,0,198.00,180.40,30.30,74.10,1.0000,-1,-1,-1
27,1,145.00,159.40,45.10,113.00,1.0000,-1,-1,-1
27,2,92.70,151.70,47.60,127.20,0.9960,-1,-1,-1
27,5,481.60,73.80,130.10,325.80,1.0000,-1,-1,-1
27,6,241.00,58.30,120.70,327.30,1.0000,-1,-1,-1
27,7,346.90,136.70,67.70,182.80,1.0000,-1,-1,-1
27,-1,567.90,72.30,73.10,332.50,0.0960,-1,-1,-1
28,0,198.70,183.80,30.40,73.60,1.0000,-1,-1,-1
28,1,147.10,161.30,41.30,114.90,1.0000,-1,-1,-1
28,2,94.80,154.60,46.00,121.50,0.9900,-1,-1,-1
28,5,487.20,80.90,114.40,315.90,1.0000,-1,-1,-1
28,6,238.40,55.20,115.50,334.50,1.0000,-1,-1,-1
28,7,345.10,143.40,65.70,176.30,1.0000,-1,-1,-1
28,-1,2.70,30.30,87.40,450.70,0.3410,-1,-1,-1
28,-1,573.50,67.10,65.30,329.10,0.0680,-1,-1,-1
29,0,199.60,180.70,29.50,73.00,1.0000,-1,-1,-1
29,1,147.00,157.10,42.10,115.30,1.0000,-1,-1,-1
29,2,98.10,157.90,43.70,113.90,0.9820,-1,-1,-1
29,5,475.90,88.10,123.30,306.30,1.0000,-1,-1,-1
29,6,233.70,60.30,119.90,330.40,1.0000,-1,-1,-1
29,7,346.20,141.70,63.40,180.40,1.0000,-1,-1,-1
29,-1,554.90,80.40,84.80,305.30,0.2120,-1,-1,-1
29,-1,1.60,32.70,92.30,448.30,0.0960,-1,-1,-1
30,0,202.40,182.80,29.20,73.00,1.0000,-1,-1,-1
30,1,151.30,159.50,42.00,117.60,1.0000,-1,-1,-1
30,2,104.00,155.80,43.70,124.00,0.7200,-1,-1,-1
30,5,482.20,79.90,108.70,327.90,1.0000,-1,-1,-1
30,6,230.30,63.60,122.00,329.40,1.0000,-1,-1,-1
30,7,348.90,139.20,62.60,186.70,1.0000,-1,-1,-1
30,-1,1.00,32.40,96.30,448.60,0.0650,-1,-1,-1
30,-1,562.30,76.60,77.90,308.50,0.8420,-1,-1,-1
31,0,210.30,181.60,29.30,75.30,1.0000,-1,-1,-1
31,1,160.70,157.80,41.70,119.40,1.0000,-1,-1,-1
31,2,112.50,157.60,46.10,119.80,0.6930,-1,-1,-1
31,5,479.30,80.20,115.20,318.10,1.0000,-1,-1,-1
31,6,231.40,67.00,120.90,324.70,1.0000,-1,-1,-1
31,7,356.30,135.00,62.80,185.40,0.9990,-1,-1,-1
31,-1,1.00,40.80,108.50,440.20,0.9320,-1,-1,-1
32,0,218.20,182.90,27.10,74.50,0.9900,-1,-1,-1
32,1,168.20,160.80,39.10,116.50,1.0000,-1,-1,-1
32,2,121.30,159.00,43.10,120.10,0.9130,-1,-1,-1
32,5,474.80,81.40,128.70,317.50,1.0000,-1,-1,-1
32,6,235.30,68.20,121.10,319.50,1.0000,-1,-1,-1
32,7,359.10,136.70,65.50,186.70,1.0000,-1,-1,-1
32,8,1.00,32.70,119.40,448.30,0.9600,-1,-1,-1
33,1,176.60,161.40,39.50,116.10,1.0000,-1,-1,-1
33,2,132.20,159.90,44.10,113.60,0.9890,-1,-1,-1
33,5,475.50,84.60,131.70,320.10,1.0000,-1,-1,-1
33,6,235.00,63.40,123.90,328.70,1.0000,-1,-1,-1
33,7,363.40,140.00,65.40,182.50,1.0000,-1,-1,-1
33,8,1.00,8.40,137.60,472.60,0.9930,-1,-1,-1
34,1,185.50,159.80,39.40,115.50,0.9990,-1,-1,-1
34,2,140.10,154.40,42.30,122.00,0.8150,-1,-1,-1
34,5,475.40,80.10,141.80,329.60,1.0000,-1,-1,-1
34,6,239.50,51.50,124.20,341.80,1.0000,-1,-1,-1
34,7,367.00,138.90,66.50,183.80,1.0000,-1,-1,-1
34,8,1.00,1.10,159.40,479.90,0.9980,-1,-1,-1
35,1,192.10,165.40,40.20,114.80,0.9980,-1,-1,-1
35,2,153.30,158.40,39.20,121.80,0.9330,-1,-1,-1
35,5,480.80,83.20,133.10,330.50,1.0000,-1,-1,-1
35,6,245.80,57.00,123.20,342.80,1.0000,-1,-1,-1
35,7,372.80,144.10,69.30,187.20,1.0000,-1,-1,-1
35,8,1.00,12.00,169.10,469.00,1.0000,-1,-1,-1
36,1,200.40,160.90,40.50,114.70,1.0000,-1,-1,-1
36,5,479.40,82.00,131.30,325.70,1.0000,-1,-1,-1
36,6,253.10,54.70,122.30,334.20,1.0000,-1,-1,-1
36,7,378.60,140.30,65.50,187.80,1.0000,-1,-1,-1
36,8,1.00,10.00,188.80,471.00,0.9990,-1,-1,-1
37,1,208.10,161.30,37.90,113.30,0.9970,-1,-1,-1
37,5,482.70,79.20,131.80,333.90,1.0000,-1,-1,-1
37,6,255.10,55.50,124.90,346.20,1.0000,-1,-1,-1
37,7,380.30,140.00,68.50,190.30,1.0000,-1,-1,-1
37,8,1.00,2.20,189.70,478.80,0.9990,-1,-1,-1
38,1,214.10,166.10,39.90,110.40,0.9990,-1,-1,-1
38,5,480.40,83.40,132.60,332.10,1.0000,-1,-1,-1
38,6,263.60,63.10,125.10,344.60,1.0000,-1,-1,-1
38,7,384.60,139.00,69.30,190.50,1.0000,-1,-1,-1
38,8,1.00,8.20,200.50,472.80,0.9990,-1,-1,-1
39,1,222.40,164.50,38.00,108.30,0.9990,-1,-1,-1
39,5,483.20,83.70,134.00,329.00,1.0000,-1,-1,-1
39,6,269.90,64.30,128.90,343.60,1.0000,-1,-1,-1
39,7,391.10,136.10,64.70,192.10,1.0000,-1,-1,-1
39,8,3.50,13.90,207.60,467.10,0.9990,-1,-1,-1
40,1,227.50,170.80,41.80,107.30,0.9980,-1,-1,-1
40,5,491.30,90.70,124.90,326.70,1.0000,-1,-1,-1
40,6,274.80,64.80,122.90,342.10,1.0000,-1,-1,-1
40,7,400.30,141.00,63.80,189.70,0.9990,-1,-1,-1
40,8,11.30,7.20,211.40,473.80,0.9990,-1,-1,-1
41,1,231.90,169.80,40.40,108.90,0.9930,-1,-1,-1
41,5,495.10,86.70,122.90,332.80,1.0000,-1,-1,-1
41,6,274.80,58.90,131.00,351.90,1.0000,-1,-1,-1
41,7,404.60,142.20,60.30,190.30,0.9990,-1,-1,-1
41,8,18.20,3.60,207.20,477.40,1.0000,-1,-1,-1
42,1,238.30,170.10,41.10,104.20,0.9980,-1,-1,-1
42,5,500.60,81.20,118.50,338.40,1.0000,-1,-1,-1
42,6,281.10,60.40,127.00,346.00,1.0000,-1,-1,-1
42,7,410.60,142.00,58.20,194.00,0.9990,-1,-1,-1
42,8,23.70,1.00,212.30,480.00,1.0000,-1,-1,-1
43,1,238.40,172.90,40.20,103.50,0.9990,-1,-1,-1
43,5,496.90,81.00,115.60,335.10,1.0000,-1,-1,-1
43,6,279.60,53.90,128.00,354.40,1.0000,-1,-1,-1
43,7,410.00,143.20,61.40,193.70,0.9990,-1,-1,-1
43,8,25.30,1.00,209.40,480.00,1.0000,-1,-1,-1
44,1,241.00,173.30,40.00,103.90,0.9930,-1,-1,-1
44,5,498.50,90.10,109.00,335.50,1.0000,-1,-1,-1
44,6,274.80,53.40,129.80,358.20,1.0000,-1,-1,-1
44,7,411.70,144.30,57.10,195.40,0.9990,-1,-1,-1
44,8,30.90,9.40,202.70,471.60,1.0000,-1,-1,-1
45,2,237.70,171.90,40.70,107.20,0.9930,-1,-1,-1
45,5,487.80,90.30,117.40,335.10,1.0000,-1,-1,-1
45,6,273.10,52.70,128.20,358.00,1.0000,-1,-1,-1
45,7,409.00,140.90,59.30,198.10,0.9980,-1,-1,-1
45,8,25.90,8.10,208.10,472.90,1.0000,-1,-1,-1
46,2,239.40,168.60,39.30,110.20,0.9930,-1,-1,-1
46,5,479.70,90.60,120.70,336.90,0.9990,-1,-1,-1
46,6,268.00,53.30,126.90,362.70,1.0000,-1,-1,-1
46,7,409.20,137.50,57.20,197.60,0.9990,-1,-1,-1
46,8,22.90,2.70,213.40,478.30,1.0000,-1,-1,-1
47,2,239.20,169.20,40.10,109.00,0.9840,-1,-1,-1
47,5,473.10,90.70,118.90,331.00,1.0000,-1,-1,-1
47,6,267.90,54.50,122.80,361.50,1.0000,-1,-1,-1
47,7,410.80,137.00,53.30,196.90,0.9990,-1,-1,-1
47,8,22.90,1.70,217.10,479.30,0.9990,-1,-1,-1
47,-1,591.90,78.40,49.10,326.00,0.0670,-1,-1,-1
48,5,466.50,89.70,118.30,321.00,1.0000,-1,-1,-1
48,6,263.20,57.50,130.00,366.20,1.0000,-1,-1,-1
48,7,412.00,139.00,51.40,195.40,0.9980,-1,-1,-1
48,8,30.50,4.20,216.70,476.80,1.0000,-1,-1,-1
48,2,241.70,175.10,35.40,100.90,0.1530,-1,-1,-1
48,-1,586.30,80.40,54.70,331.90,0.1150,-1,-1,-1
49,5,452.90,86.80,127.30,326.30,1.0000,-1,-1,-1
49,6,260.70,49.80,130.20,370.20,1.0000,-1,-1,-1
49,7,408.70,137.00,54.20,201.30,0.9990,-1,-1,-1
49,8,26.30,1.00,223.80,480.00,1.0000,-1,-1,-1
49,-1,566.20,78.00,74.80,326.30,0.9970,-1,-1,-1
50,5,449.30,86.20,122.10,326.70,1.0000,-1,-1,-1
50,6,253.00,37.10,135.20,374.30,1.0000,-1,-1,-1
50,7,407.30,129.40,55.00,206.50,0.9930,-1,-1,-1
50,8,27.50,1.00,217.50,480.00,1.0000,-1,-1,-1
50,9,554.90,75.70,86.10,321.10,0.9980,-1,-1,-1
51,5,448.00,89.90,117.50,326.00,1.0000,-1,-1,-1
51,6,258.30,38.00,132.50,369.40,1.0000,-1,-1,-1
51,7,410.70,137.90,54.90,196.20,0.9840,-1,-1,-1
51,8,26.10,1.00,230.10,480.00,1.0000,-1,-1,-1
51,9,552.90,76.10,88.10,330.20,0.9980,-1,-1,-1
52,5,448.70,89.60,115.30,326.70,1.0000,-1,-1,-1
52,6,259.70,38.60,132.90,371.70,1.0000,-1,-1,-1
52,8,29.90,1.00,231.20,480.00,1.0000,-1,-1,-1
52,9,561.50,73.10,79.50,329.30,0.9930,-1,-1,-1
52,7,414.40,138.00,56.70,191.00,0.4790,-1,-1,-1
53,5,448.60,84.30,114.50,330.30,1.0000,-1,-1,-1
53,6,262.30,31.00,136.20,384.90,1.0000,-1,-1,-1
53,8,36.60,1.00,225.70,480.00,1.0000,-1,-1,-1
53,9,565.60,72.00,75.40,319.70,0.9950,-1,-1,-1
54,5,444.90,81.10,118.20,329.80,1.0000,-1,-1,-1
54,6,264.50,34.00,134.60,383.10,1.0000,-1,-1,-1
54,8,41.40,1.00,232.80,480.00,1.0000,-1,-1,-1
54,9,563.70,64.50,77.30,328.80,0.9780,-1,-1,-1
55,5,445.90,79.10,106.30,320.80,1.0000,-1,-1,-1
55,6,265.40,36.00,132.80,387.20,1.0000,-1,-1,-1
55,8,49.40,1.00,232.40,480.00,1.0000,-1,-1,-1
55,9,556.60,62.50,84.40,333.80,0.9960,-1,-1,-1
55,7,408.80,131.50,62.90,192.50,0.0580,-1,-1,-1
56,5,449.40,74.20,104.20,333.60,1.0000,-1,-1,-1
56,6,268.60,35.20,136.10,384.40,1.0000,-1,-1,-1
56,8,55.70,3.70,233.60,477.30,1.0000,-1,-1,-1
56,9,559.00,61.60,82.00,330.00,0.9950,-1,-1,-1
57,5,455.30,78.90,100.20,330.10,1.0000,-1,-1,-1
57,6,276.10,41.30,130.10,388.50,0.9990,-1,-1,-1
57,8,62.00,1.00,227.80,480.00,1.0000,-1,-1,-1
57,9,557.20,72.70,83.80,309.60,0.9940,-1,-1,-1
58,5,455.20,82.00,97.20,336.30,1.0000,-1,-1,-1
58,6,266.20,30.80,138.70,397.50,0.9990,-1,-1,-1
58,8,67.90,1.00,220.80,480.00,1.0000,-1,-1,-1
58,9,553.40,65.00,87.60,337.20,0.9860,-1,-1,-1
59,5,447.00,81.70,107.50,333.30,1.0000,-1,-1,-1
59,6,262.90,36.40,138.90,394.70,1.0000,-1,-1,-1
59,8,60.60,1.00,233.10,480.00,1.0000,-1,-1,-1
59,9,550.20,70.20,90.80,329.20,0.9910,-1,-1,-1
60,5,445.30,90.00,106.40,319.50,1.0000,-1,-1,-1
60,6,258.50,38.60,138.60,393.50,0.9990,-1,-1,-1
60,8,48.60,1.00,247.60,480.00,1.0000,-1,-1,-1
60,9,540.80,73.10,100.20,333.70,0.9970,-1,-1,-1
61,5,437.10,88.10,112.90,328.50,1.0000,-1,-1,-1
61,6,260.30,36.50,135.90,391.20,0.9980,-1,-1,-1
61,8,55.00,1.00,242.30,480.00,1.0000,-1,-1,-1
61,9,536.90,78.10,104.10,334.30,0.9990,-1,-1,-1
62,5,427.70,84.50,114.30,327.20,1.0000,-1,-1,-1
62,6,255.50,29.10,135.00,396.20,0.9990,-1,-1,-1
62,8,41.80,1.00,259.70,480.00,1.0000,-1,-1,-1
62,9,529.40,75.20,111.60,333.90,0.9990,-1,-1,-1
63,5,419.90,84.70,114.70,324.70,1.0000,-1,-1,-1
63,6,244.90,35.60,136.00,424.00,0.9940,-1,-1,-1
63,8,39.70,1.00,259.10,480.00,1.0000,-1,-1,-1
63,9,523.00,75.30,115.70,332.20,0.9990,-1,-1,-1
64,5,411.60,87.20,117.80,335.10,1.0000,-1,-1,-1
64,6,239.60,37.30,131.20,423.10,0.9770,-1,-1,-1
64,8,42.10,2.20,245.20,478.80,1.0000,-1,-1,-1
64,9,516.90,83.70,114.10,333.30,1.0000,-1,-1,-1
65,5,403.60,95.90,116.00,327.20,1.0000,-1,-1,-1
65,6,231.20,35.50,126.70,428.80,0.8670,-1,-1,-1
65,8,18.00,1.50,279.10,479.50,1.0000,-1,-1,-1
65,9,513.10,85.10,104.40,327.30,0.9990,-1,-1,-1
66,5,397.70,91.00,116.70,337.90,1.0000,-1,-1,-1
66,6,235.00,32.90,118.90,439.30,0.9120,-1,-1,-1
66,8,26.60,4.40,270.80,476.60,1.0000,-1,-1,-1
66,9,507.40,85.50,97.00,323.70,0.8730,-1,-1,-1
67,5,396.90,95.10,108.80,326.80,1.0000,-1,-1,-1
67,8,14.10,1.00,282.10,480.00,0.9990,-1,-1,-1
67,9,502.40,90.00,97.70,314.60,0.8670,-1,-1,-1
67,6,228.40,38.70,121.90,402.60,0.1010,-1,-1,-1
68,5,390.80,96.40,107.20,325.30,1.0000,-1,-1,-1
68,8,18.80,4.50,270.80,476.50,0.9990,-1,-1,-1
68,9,491.30,89.10,109.70,328.20,0.8140,-1,-1,-1
68,6,236.80,35.00,105.50,411.60,0.1440,-1,-1,-1
69,5,387.60,93.60,104.70,332.60,1.0000,-1,-1,-1
69,8,18.70,2.80,279.60,478.20,0.9980,-1,-1,-1
69,9,479.60,90.90,120.00,328.90,0.9700,-1,-1,-1
70,5,382.80,96.90,105.50,324.80,1.0000,-1,-1,-1
70,8,16.00,1.20,285.40,479.80,1.0000,-1,-1,-1
70,9,472.00,89.30,119.10,338.20,0.9570,-1,-1,-1
71,5,382.40,94.70,103.00,332.10,0.9990,-1,-1,-1
71,8,3.00,1.00,287.50,480.00,1.0000,-1,-1,-1
71,9,464.00,93.50,127.40,334.10,0.9790,-1,-1,-1
72,5,379.00,99.30,101.60,333.80,1.0000,-1,-1,-1
72,8,3.20,1.00,289.80,480.00,1.0000,-1,-1,-1
72,9,462.60,97.20,113.30,324.30,0.9970,-1,-1,-1
73,5,379.70,98.30,103.40,325.70,1.0000,-1,-1,-1
73,8,1.30,1.00,282.50,480.00,1.0000,-1,-1,-1
73,9,464.40,93.50,104.50,327.90,0.9990,-1,-1,-1
74,5,379.70,94.80,102.20,327.00,1.0000,-1,-1,-1
74,8,1.00,3.60,292.80,477.40,0.9990,-1,-1,-1
74,9,468.90,91.50,99.50,327.40,0.9990,-1,-1,-1
75,5,372.60,102.30,112.20,323.20,1.0000,-1,-1,-1
75,8,1.00,3.70,285.70,477.30,0.9990,-1,-1,-1
75,9,471.50,95.30,93.80,319.80,0.9980,-1,-1,-1
76,5,372.20,93.90,106.70,328.50,1.0000,-1,-1,-1
76,8,1.00,1.00,286.50,480.00,0.9990,-1,-1,-1
76,9,465.00,90.90,105.40,331.10,1.0000,-1,-1,-1
76,6,232.40,42.20,94.80,373.60,0.0640,-1,-1,-1
77,5,376.50,91.30,105.00,336.70,1.0000,-1,-1,-1
77,8,1.00,1.00,282.70,480.00,0.9990,-1,-1,-1
77,9,465.40,88.80,108.40,341.00,0.9990,-1,-1,-1
78,5,378.10,94.90,105.10,337.50,1.0000,-1,-1,-1
78,8,1.00,2.70,286.10,478.30,0.9990,-1,-1,-1
78,9,470.90,80.50,99.30,351.90,1.0000,-1,-1,-1
79,5,379.40,93.90,104.50,338.90,0.9990,-1,-1,-1
79,8,1.00,2.90,286.30,478.10,0.9990,-1,-1,-1
79,9,468.20,86.50,102.20,339.80,1.0000,-1,-1,-1
80,5,376.90,94.40,109.20,332.30,1.0000,-1,-1,-1
80,8,1.00,4.00,294.80,477.00,0.9990,-1,-1,-1
80,9,469.80,89.10,105.20,328.30,1.0000,-1,-1,-1
81,5,383.60,88.60,101.40,333.50,1.0000,-1,-1,-1
81,8,1.00,3.40,306.70,477.60,0.9980,-1,-1,-1
81,9,466.70,82.60,113.30,338.70,1.0000,-1,-1,-1
82,5,384.80,89.40,111.90,332.10,1.0000,-1,-1,-1
82,8,1.00,1.00,308.80,480.00,0.9980,-1,-1,-1
82,9,467.90,81.50,118.50,341.80,1.0000,-1,-1,-1
83,5,389.20,87.70,104.50,335.60,0.9990,-1,-1,-1
83,8,18.70,3.70,297.70,477.30,0.9990,-1,-1,-1
83,9,472.10,85.80,122.10,343.40,1.0000,-1,-1,-1
84,5,390.10,89.00,107.00,334.90,1.0000,-1,-1,-1
84,8,12.70,1.00,305.40,480.00,0.9990,-1,-1,-1
84,9,474.40,82.90,125.90,336.60,1.0000,-1,-1,-1
85,5,390.90,91.60,108.00,325.10,1.0000,-1,-1,-1
85,8,21.80,8.00,310.20,473.00,0.9980,-1,-1,-1
85,9,479.70,81.00,121.00,339.50,1.0000,-1,-1,-1
86,5,389.00,85.40,110.10,333.10,0.9990,-1,-1,-1
86,8,31.30,1.00,300.20,480.00,0.9990,-1,-1,-1
86,9,482.30,74.10,117.60,343.30,1.0000,-1,-1,-1
87,5,384.10,82.40,111.70,330.20,0.9990,-1,-1,-1
87,8,36.60,1.00,302.50,480.00,1.0000,-1,-1,-1
87,9,480.30,79.40,118.80,327.00,1.0000,-1,-1,-1
88,5,381.70,84.20,111.60,332.20,1.0000,-1,-1,-1
88,8,46.60,1.00,297.10,480.00,1.0000,-1,-1,-1
88,9,482.10,79.20,112.00,339.60,1.0000,-1,-1,-1
89,5,380.60,88.30,116.60,325.60,1.0000,-1,-1,-1
89,8,58.00,1.00,293.40,480.00,1.0000,-1,-1,-1
89,9,486.30,70.40,109.60,348.20,1.0000,-1,-1,-1
90,5,376.20,80.10,120.20,334.10,0.9990,-1,-1,-1
90,8,75.70,1.00,275.70,480.00,0.9990,-1,-1,-1
90,9,486.30,77.60,118.80,338.50,1.0000,-1,-1,-1
91,5,379.00,85.70,117.80,339.40,1.0000,-1,-1,-1
91,8,84.10,7.40,293.50,473.60,0.9990,-1,-1,-1
91,9,486.10,79.30,117.70,345.50,1.0000,-1,-1,-1
92,5,387.00,77.80,106.90,353.00,0.9990,-1,-1,-1
92,8,91.50,11.50,305.00,469.50,0.9980,-1,-1,-1
92,9,490.90,81.70,116.50,336.70,1.0000,-1,-1,-1
93,5,390.70,90.20,104.80,332.50,0.9990,-1,-1,-1
93,8,105.70,1.00,297.20,480.00,0.9990,-1,-1,-1
93,9,499.90,76.60,113.50,343.50,1.0000,-1,-1,-1
94,5,404.10,92.60,93.70,308.80,0.9980,-1,-1,-1
94,8,150.20,3.20,289.60,477.80,0.9990,-1,-1,-1
94,9,498.70,85.00,115.20,337.30,1.0000,-1,-1,-1
94,-1,11.30,111.50,88.20,251.50,0.9990,-1,-1,-1
94,-1,82.10,60.40,107.40,369.40,0.8810,-1,-1,-1
95,8,168.20,4.00,277.30,477.00,1.0000,-1,-1,-1
95,9,496.90,79.50,120.50,340.40,1.0000,-1,-1,-1
95,10,10.20,116.10,78.80,241.50,0.9990,-1,-1,-1
95,11,79.80,54.80,117.00,372.50,0.9890,-1,-1,-1
95,5,402.80,94.00,96.40,299.30,0.3460,-1,-1,-1
96,8,180.70,2.20,282.40,478.80,0.9990,-1,-1,-1
96,9,494.10,85.70,127.50,335.60,1.0000,-1,-1,-1
96,10,4.80,112.10,70.80,254.50,0.9990,-1,-1,-1
96,11,92.60,78.20,112.60,324.20,0.9990,-1,-1,-1
97,8,210.70,2.00,285.70,479.00,0.9990,-1,-1,-1
97,9,494.80,81.90,125.70,345.60,1.0000,-1,-1,-1
97,10,4.20,102.00,65.30,265.20,0.9980,-1,-1,-1
97,11,97.90,79.00,113.80,324.20,0.9990,-1,-1,-1
98,8,219.80,1.00,307.60,480.00,1.0000,-1,-1,-1
98,9,493.40,91.20,133.60,343.40,1.0000,-1,-1,-1
98,10,2.10,92.30,57.40,275.90,0.9310,-1,-1,-1
98,11,105.60,92.20,116.90,311.40,0.9810,-1,-1,-1
99,6,171.30,28.50,132.50,452.50,0.8820,-1,-1,-1
99,8,244.10,1.00,306.40,480.00,1.0000,-1,-1,-1
99,9,522.30,69.90,106.70,370.60,0.9700,-1,-1,-1
99,11,115.50,91.60,117.30,308.00,0.0680,-1,-1,-1
100,6,166.90,29.30,163.00,447.50,0.9990,-1,-1,-1
100,8,252.10,3.50,331.60,477.50,0.9990,-1,-1,-1
101,6,170.40,21.30,161.70,459.70,1.0000,-1,-1,-1
101,8,276.70,1.30,317.10,479.70,0.9990,-1,-1,-1
102,6,177.90,15.80,159.50,465.20,1.0000,-1,-1,-1
102,8,314.60,1.00,288.80,480.00,1.0000,-1,-1,-1
103,6,180.30,13.40,163.70,467.60,1.0000,-1,-1,-1
103,8,333.80,1.20,292.40,479.80,1.0000,-1,-1,-1
104,6,174.90,16.40,174.00,460.90,1.0000,-1,-1,-1
104,8,350.20,1.30,290.80,479.70,0.9990,-1,-1,-1
105,6,181.10,5.10,167.50,472.20,1.0000,-1,-1,-1
105,8,371.50,1.00,269.50,480.00,0.9990,-1,-1,-1
106,6,194.60,9.70,160.40,471.30,1.0000,-1,-1,-1
106,8,394.00,1.00,247.00,480.00,1.0000,-1,-1,-1
107,6,201.60,19.90,164.50,458.30,1.0000,-1,-1,-1
107,8,412.10,1.00,228.90,480.00,0.9910,-1,-1,-1
108,6,196.50,14.20,174.20,462.60,1.0000,-1,-1,-1
108,8,421.20,1.00,219.80,480.00,0.9960,-1,-1,-1
109,6,209.50,24.00,158.40,452.20,1.0000,-1,-1,-1
109,8,437.10,1.00,203.90,480.00,0.9880,-1,-1,-1
109,-1,380.80,110.80,85.30,323.50,0.5190,-1,-1,-1
110,6,210.70,26.20,158.90,454.80,1.0000,-1,-1,-1
110,8,463.00,1.00,178.00,480.00,0.9760,-1,-1,-1
110,-1,124.40,163.40,50.00,147.00,0.9990,-1,-1,-1
110,-1,383.70,105.10,97.20,347.30,0.7950,-1,-1,-1
111,6,208.00,26.60,168.00,454.40,1.0000,-1,-1,-1
111,8,479.80,1.30,161.20,479.70,0.8800,-1,-1,-1
111,12,114.50,159.00,53.30,161.40,0.9990,-1,-1,-1
111,13,382.70,115.90,101.60,324.90,0.9990,-1,-1,-1
111,11,166.00,104.60,95.00,291.60,0.1870,-1,-1,-1
112,6,211.70,22.60,165.60,458.40,1.0000,-1,-1,-1
112,8,486.80,1.70,154.20,479.30,0.9540,-1,-1,-1
112,12,104.30,158.40,58.20,164.10,0.9990,-1,-1,-1
112,13,381.40,105.50,96.50,334.00,0.9990,-1,-1,-1
113,6,209.00,24.10,165.70,456.90,1.0000,-1,-1,-1
113,8,496.20,1.00,144.80,480.00,0.9580,-1,-1,-1
113,12,88.60,155.20,64.90,173.70,1.0000,-1,-1,-1
113,13,372.10,108.10,99.70,315.10,1.0000,-1,-1,-1
114,6,205.60,17.50,158.60,463.50,1.0000,-1,-1,-1
114,8,487.10,1.00,153.90,480.00,0.8310,-1,-1,-1
114,12,77.80,149.60,67.20,176.90,1.0000,-1,-1,-1
114,13,366.60,101.10,102.60,316.90,0.9990,-1,-1,-1
114,-1,157.30,158.10,40.40,131.90,0.1310,-1,-1,-1
115,6,186.10,26.40,165.00,454.60,1.0000,-1,-1,-1
115,8,500.00,1.00,141.00,480.00,0.7580,-1,-1,-1
115,12,53.30,143.20,71.10,182.50,1.0000,-1,-1,-1
115,13,350.50,98.50,107.70,315.10,1.0000,-1,-1,-1
115,-1,447.40,90.80,87.80,331.60,0.0700,-1,-1,-1
115,-1,145.70,166.80,30.80,122.90,0.0510,-1,-1,-1
116,6,179.30,18.00,171.90,463.00,1.0000,-1,-1,-1
116,8,501.50,10.30,139.50,470.70,0.7630,-1,-1,-1
116,12,40.50,135.90,72.40,195.00,1.0000,-1,-1,-1
116,13,336.50,97.50,115.20,320.30,0.9990,-1,-1,-1
116,-1,449.40,80.80,96.30,359.60,0.1280,-1,-1,-1
117,6,176.90,18.80,172.60,462.20,1.0000,-1,-1,-1
117,8,517.90,2.00,123.10,479.00,0.9480,-1,-1,-1
117,12,25.90,128.50,79.00,206.00,1.0000,-1,-1,-1
117,13,329.00,97.90,122.60,321.60,0.9980,-1,-1,-1
117,-1,128.50,158.00,41.60,134.40,0.4120,-1,-1,-1
117,-1,437.30,90.50,108.30,344.00,0.9810,-1,-1,-1
118,6,179.90,4.90,167.50,476.00,1.0000,-1,-1,-1
118,12,11.40,120.80,83.70,216.00,1.0000,-1,-1,-1
118,13,329.60,94.70,114.60,322.90,0.9990,-1,-1,-1
118,14,441.80,76.80,103.50,364.70,0.9800,-1,-1,-1
118,8,506.20,27.30,132.60,453.70,0.2740,-1,-1,-1
118,-1,126.30,146.70,43.50,148.10,0.9860,-1,-1,-1
119,6,176.30,1.00,176.10,480.00,1.0000,-1,-1,-1
119,12,4.90,116.30,86.70,227.10,1.0000,-1,-1,-1
119,13,330.70,95.00,107.90,328.50,0.9980,-1,-1,-1
119,14,439.80,85.50,105.50,347.80,0.9980,-1,-1,-1
119,15,123.90,145.60,49.40,144.50,0.9970,-1,-1,-1
119,8,497.60,37.60,128.40,443.40,0.1350,-1,-1,-1
120,6,189.30,1.00,174.50,480.00,1.0000,-1,-1,-1
120,12,3.10,113.30,80.30,239.20,1.0000,-1,-1,-1
120,13,338.00,89.40,105.20,326.20,0.9990,-1,-1,-1
120,14,444.90,84.80,108.00,340.10,0.9980,-1,-1,-1
120,15,122.80,142.40,52.50,146.70,0.9990,-1,-1,-1
121,6,196.80,1.00,167.50,480.00,1.0000,-1,-1,-1
121,12,2.00,113.40,77.00,252.90,1.0000,-1,-1,-1
121,13,345.30,89.20,98.60,333.30,0.9970,-1,-1,-1
121,14,447.50,83.90,113.80,336.10,0.9990,-1,-1,-1
121,15,122.60,143.60,53.30,147.40,1.0000,-1,-1,-1
122,6,210.60,3.20,166.80,477.80,1.0000,-1,-1,-1
122,12,1.00,110.70,73.20,265.40,1.0000,-1,-1,-1
122,13,353.90,88.70,93.50,327.00,0.9990,-1,-1,-1
122,14,453.10,76.90,114.90,346.30,0.9990,-1,-1,-1
122,15,125.20,140.90,56.80,157.20,1.0000,-1,-1,-1
123,6,215.00,2.80,171.20,478.20,1.0000,-1,-1,-1
123,12,1.00,98.70,70.20,282.80,1.0000,-1,-1,-1
123,13,358.60,76.90,95.50,357.30,0.9980,-1,-1,-1
123,14,444.40,77.10,132.40,350.40,1.0000,-1,-1,-1
123,15,119.30,140.00,62.60,162.60,1.0000,-1,-1,-1
124,6,223.30,8.80,169.40,472.20,1.0000,-1,-1,-1
124,12,1.00,89.60,62.50,300.40,1.0000,-1,-1,-1
124,13,367.60,86.30,87.80,336.20,0.9660,-1,-1,-1
124,14,449.20,81.20,135.80,354.90,0.9990,-1,-1,-1
124,15,114.60,141.10,71.70,164.90,1.0000,-1,-1,-1
125,6,228.20,7.80,177.20,473.20,1.0000,-1,-1,-1
125,14,452.10,78.70,141.90,361.10,1.0000,-1,-1,-1
125,15,110.10,136.30,72.10,169.70,1.0000,-1,-1,-1
125,11,187.10,144.00,47.60,155.80,0.1650,-1,-1,-1
125,12,4.70,95.20,57.30,282.20,0.3700,-1,-1,-1
125,13,365.00,81.40,90.50,344.80,0.1180,-1,-1,-1
126,6,236.30,5.30,183.60,475.70,1.0000,-1,-1,-1
126,11,189.00,146.90,51.70,155.30,0.9820,-1,-1,-1
126,14,459.90,76.70,136.80,367.20,1.0000,-1,-1,-1
126,15,107.10,136.20,74.60,172.10,1.0000,-1,-1,-1
126,12,2.50,94.10,53.30,290.10,0.0570,-1,-1,-1
127,6,241.00,6.90,195.40,474.10,1.0000,-1,-1,-1
127,11,190.50,146.50,55.10,156.00,0.9920,-1,-1,-1
127,14,466.70,77.40,142.90,365.60,1.0000,-1,-1,-1
127,15,108.10,132.50,79.70,179.70,1.0000,-1,-1,-1
127,12,2.00,135.90,52.90,255.10,0.0510,-1,-1,-1
128,6,241.10,2.30,208.50,478.70,1.0000,-1,-1,-1
128,11,192.00,138.40,58.00,163.00,0.9880,-1,-1,-1
128,14,479.10,67.60,141.40,374.90,1.0000,-1,-1,-1
128,15,109.70,121.10,78.40,185.50,1.0000,-1,-1,-1
129,6,250.00,5.70,203.30,475.30,1.0000,-1,-1,-1
129,11,195.80,138.90,56.70,166.90,0.9230,-1,-1,-1
129,14,493.30,66.30,146.60,379.10,1.0000,-1,-1,-1
129,15,110.40,120.50,76.40,193.50,1.0000,-1,-1,-1
130,6,261.90,1.00,191.20,480.00,1.0000,-1,-1,-1
130,11,201.50,132.40,58.30,177.80,0.9980,-1,-1,-1
130,14,502.00,62.40,139.00,393.90,0.9990,-1,-1,-1
130,15,109.70,118.70,72.20,198.20,1.0000,-1,-1,-1
131,6,263.50,1.00,196.10,480.00,1.0000,-1,-1,-1
131,11,195.30,116.00,67.70,183.20,0.9970,-1,-1,-1
131,14,520.10,49.90,120.90,404.50,1.0000,-1,-1,-1
131,15,101.00,104.70,74.60,210.20,1.0000,-1,-1,-1
132,6,268.40,1.00,190.70,480.00,1.0000,-1,-1,-1
132,11,186.30,107.70,73.10,196.40,0.9960,-1,-1,-1
132,14,525.50,35.60,115.50,415.40,1.0000,-1,-1,-1
132,15,92.10,101.00,80.10,213.70,1.0000,-1,-1,-1
133,6,257.80,1.00,195.70,480.00,1.0000,-1,-1,-1
133,11,176.70,114.90,78.60,197.90,1.0000,-1,-1,-1
133,14,525.20,49.60,115.80,405.70,1.0000,-1,-1,-1
133,15,81.00,105.00,85.70,217.40,1.0000,-1,-1,-1
134,6,262.40,1.00,189.70,480.00,1.0000,-1,-1,-1
134,11,169.90,120.80,82.60,194.60,0.9990,-1,-1,-1
134,14,531.00,46.50,110.00,409.50,0.9990,-1,-1,-1
134,15,71.40,100.40,86.40,224.90,1.0000,-1,-1,-1
135,6,261.20,1.00,188.20,480.00,1.0000,-1,-1,-1
135,11,167.30,120.80,82.90,201.20,1.0000,-1,-1,-1
135,14,537.30,43.80,103.70,411.20,0.9990,-1,-1,-1
135,15,59.30,102.90,87.90,232.60,1.0000,-1,-1,-1
136,6,256.40,1.00,193.30,480.00,1.0000,-1,-1,-1
136,11,166.70,114.20,84.30,207.30,1.0000,-1,-1,-1
136,14,545.70,41.70,95.30,416.20,0.9980,-1,-1,-1
136,15,47.80,87.30,93.40,251.90,1.0000,-1,-1,-1
137,6,251.60,1.00,195.80,480.00,1.0000,-1,-1,-1
137,11,161.50,111.70,79.00,224.40,1.0000,-1,-1,-1
137,14,549.80,45.80,91.20,420.20,0.9980,-1,-1,-1
137,15,37.70,89.20,98.40,256.90,1.0000,-1,-1,-1
138,6,250.90,1.00,198.30,480.00,1.0000,-1,-1,-1
138,11,152.80,106.80,86.40,234.20,1.0000,-1,-1,-1
138,13,420.50,115.90,92.70,294.40,0.9990,-1,-1,-1
138,14,546.30,62.90,94.70,397.80,0.9960,-1,-1,-1
138,15,16.90,93.30,104.70,267.00,1.0000,-1,-1,-1
139,6,252.30,1.00,199.40,480.00,1.0000,-1,-1,-1
139,11,148.20,101.20,87.20,253.00,1.0000,-1,-1,-1
139,13,428.00,112.60,97.30,292.40,0.9990,-1,-1,-1
139,14,547.90,65.00,93.10,394.80,0.9950,-1,-1,-1
139,15,6.40,82.40,104.00,277.50,1.0000,-1,-1,-1
140,6,266.20,1.00,194.80,480.00,1.0000,-1,-1,-1
140,11,146.90,90.10,88.70,255.50,1.0000,-1,-1,-1
140,13,445.60,89.70,91.20,340.40,0.9990,-1,-1,-1
140,14,554.40,62.00,86.60,379.40,0.9550,-1,-1,-1
140,15,2.30,76.30,95.20,289.50,1.0000,-1,-1,-1
141,6,262.30,1.00,199.70,480.00,1.0000,-1,-1,-1
141,11,136.40,93.30,96.20,262.20,1.0000,-1,-1,-1
141,13,450.40,83.20,94.20,340.30,0.9990,-1,-1,-1
141,14,555.20,60.50,85.80,381.50,0.9230,-1,-1,-1
141,15,1.00,78.50,88.50,283.80,1.0000,-1,-1,-1
142,6,252.00,1.00,204.40,480.00,1.0000,-1,-1,-1
142,11,125.60,81.20,97.40,279.90,1.0000,-1,-1,-1
142,13,456.50,59.50,102.90,378.00,0.9990,-1,-1,-1
142,14,556.90,43.20,84.10,402.10,0.9930,-1,-1,-1
142,15,1.30,60.90,72.20,304.60,0.9970,-1,-1,-1
143,6,246.40,1.00,198.40,480.00,1.0000,-1,-1,-1
143,11,110.60,68.80,104.10,287.20,1.0000,-1,-1,-1
143,13,461.90,45.90,114.20,388.60,0.9990,-1,-1,-1
143,14,558.90,40.10,82.10,411.30,0.9870,-1,-1,-1
143,15,1.00,39.50,53.20,312.40,0.2330,-1,-1,-1
144,6,235.60,1.00,210.80,480.00,1.0000,-1,-1,-1
144,11,97.30,67.80,107.00,301.90,1.0000,-1,-1,-1
144,13,468.00,36.80,147.20,444.20,0.9990,-1,-1,-1
145,6,234.80,1.00,206.30,480.00,1.0000,-1,-1,-1
145,11,83.10,51.90,117.00,330.10,1.0000,-1,-1,-1
145,13,480.80,30.00,153.30,451.00,0.9990,-1,-1,-1
146,6,232.40,1.00,211.10,480.00,1.0000,-1,-1,-1
146,11,76.40,38.30,117.00,355.40,1.0000,-1,-1,-1
146,13,498.20,26.50,142.80,454.50,0.9980,-1,-1,-1
146,-1,416.10,64.80,80.50,305.70,0.5530,-1,-1,-1
147,6,228.50,1.00,212.90,480.00,1.0000,-1,-1,-1
147,11,59.70,28.00,124.90,388.50,1.0000,-1,-1,-1
147,13,515.30,22.80,125.70,458.20,0.9730,-1,-1,-1
147,-1,413.10,52.10,93.20,337.40,0.9210,-1,-1,-1
148,6,227.30,1.00,215.10,480.00,1.0000,-1,-1,-1
148,11,36.80,11.50,137.60,419.70,1.0000,-1,-1,-1
148,14,547.60,31.90,93.40,449.10,0.9170,-1,-1,-1
148,16,417.00,48.20,100.00,344.20,0.9970,-1,-1,-1
149,6,217.30,1.00,227.50,480.00,1.0000,-1,-1,-1
149,11,25.10,6.40,140.70,444.40,1.0000,-1,-1,-1
149,14,562.40,53.80,78.60,374.40,0.9920,-1,-1,-1
149,16,413.40,44.90,118.60,354.30,0.9990,-1,-1,-1
150,6,214.90,1.00,229.10,480.00,1.0000,-1,-1,-1
150,11,1.00,1.20,149.30,474.60,1.0000,-1,-1,-1
150,14,560.90,52.00,80.10,367.40,0.9520,-1,-1,-1
150,16,422.90,19.40,126.60,392.90,1.0000,-1,-1,-1
151,6,212.10,1.00,230.40,480.00,1.0000,-1,-1,-1
151,11,3.50,1.00,142.90,456.50,1.0000,-1,-1,-1
151,14,560.70,47.00,80.30,370.40,0.9520,-1,-1,-1
151,16,424.60,22.60,135.20,401.70,1.0000,-1,-1,-1
152,6,208.00,1.00,231.50,480.00,1.0000,-1,-1,-1
152,11,2.20,1.00,118.10,464.00,0.9950,-1,-1,-1
152,14,557.90,47.20,83.10,374.50,0.8190,-1,-1,-1
152,16,431.00,13.30,149.50,423.00,0.9990,-1,-1,-1
153,6,204.90,1.00,236.40,480.00,1.0000,-1,-1,-1
153,16,433.50,4.30,163.00,446.50,0.9990,-1,-1,-1
153,11,4.40,1.00,84.00,445.10,0.2200,-1,-1,-1
153,14,562.50,59.20,78.50,338.10,0.4850,-1,-1,-1
154,6,198.70,1.00,239.80,480.00,1.0000,-1,-1,-1
154,16,441.90,1.00,170.80,480.00,1.0000,-1,-1,-1
155,6,196.30,1.00,253.00,480.00,1.0000,-1,-1,-1
155,16,459.30,1.00,181.70,480.00,0.9990,-1,-1,-1
156,6,196.90,1.00,258.30,480.00,1.0000,-1,-1,-1
156,16,472.30,1.00,168.70,480.00,1.0000,-1,-1,-1
157,6,196.40,1.00,258.50,480.00,1.0000,-1,-1,-1
157,16,483.20,1.00,157.80,480.00,0.9950,-1,-1,-1
158,6,201.90,1.00,260.20,480.00,1.0000,-1,-1,-1
158,16,498.10,1.00,142.90,480.00,0.9820,-1,-1,-1
159,6,208.70,1.00,256.20,480.00,1.0000,-1,-1,-1
159,16,519.00,1.00,122.00,480.00,0.8790,-1,-1,-1
160,6,219.20,1.00,251.60,480.00,1.0000,-1,-1,-1
161,6,229.20,4.10,249.30,476.90,1.0000,-1,-1,-1
161,16,502.50,64.60,114.00,339.70,0.9990,-1,-1,-1
162,6,242.30,5.70,252.00,475.30,1.0000,-1,-1,-1
162,16,495.60,63.20,106.20,346.90,0.9990,-1,-1,-1
162,-1,214.50,136.60,52.50,152.60,0.0600,-1,-1,-1
163,6,251.30,5.10,254.20,475.90,1.0000,-1,-1,-1
163,16,486.60,68.50,110.70,334.10,0.9980,-1,-1,-1
163,-1,206.30,145.90,55.60,144.40,0.9520,-1,-1,-1
164,6,250.10,1.00,267.70,480.00,1.0000,-1,-1,-1
164,16,478.00,78.70,115.20,337.50,0.9950,-1,-1,-1
164,17,208.90,153.60,51.00,146.50,0.9970,-1,-1,-1
165,6,261.10,1.00,270.10,480.00,1.0000,-1,-1,-1
165,17,204.50,157.90,57.00,145.70,0.9990,-1,-1,-1
165,16,511.50,91.80,88.10,312.60,0.0520,-1,-1,-1
166,6,269.00,1.00,273.40,480.00,1.0000,-1,-1,-1
166,17,199.50,151.90,55.60,153.10,1.0000,-1,-1,-1
167,6,270.40,1.50,281.10,479.50,1.0000,-1,-1,-1
167,17,193.20,149.80,64.80,160.10,1.0000,-1,-1,-1
168,6,271.70,1.00,275.30,480.00,1.0000,-1,-1,-1
168,17,187.10,145.70,64.80,162.50,1.0000,-1,-1,-1
169,6,263.60,2.20,261.50,478.80,1.0000,-1,-1,-1
169,17,178.90,148.50,60.50,166.90,1.0000,-1,-1,-1
170,6,242.20,1.00,255.80,480.00,1.0000,-1,-1,-1
170,17,154.60,145.40,64.80,175.50,1.0000,-1,-1,-1
170,16,474.40,125.50,90.70,244.60,0.2250,-1,-1,-1
171,6,230.30,1.00,261.00,480.00,1.0000,-1,-1,-1
171,16,462.00,122.00,93.30,250.80,0.9680,-1,-1,-1
171,17,140.70,140.90,68.90,182.40,1.0000,-1,-1,-1
172,6,228.80,1.00,252.60,480.00,1.0000,-1,-1,-1
172,16,446.80,126.70,82.50,236.60,0.9320,-1,-1,-1
172,17,122.00,135.00,72.50,188.90,1.0000,-1,-1,-1
173,6,215.20,1.00,250.10,480.00,1.0000,-1,-1,-1
173,17,103.90,137.90,77.70,204.00,1.0000,-1,-1,-1
173,16,430.80,125.80,76.70,251.60,0.0600,-1,-1,-1
174,6,203.50,1.00,256.20,480.00,1.0000,-1,-1,-1
174,17,83.30,129.10,77.30,207.30,1.0000,-1,-1,-1
174,16,417.00,123.30,63.80,245.60,0.0970,-1,-1,-1
175,6,195.80,1.00,257.00,480.00,1.0000,-1,-1,-1
175,17,70.10,121.10,76.70,215.20,1.0000,-1,-1,-1
176,6,190.90,1.00,255.70,480.00,1.0000,-1,-1,-1
176,17,48.50,115.30,88.70,229.50,1.0000,-1,-1,-1
177,6,189.30,1.00,249.40,480.00,1.0000,-1,-1,-1
177,17,33.90,111.90,91.90,239.80,1.0000,-1,-1,-1
178,6,193.60,2.50,231.00,478.50,1.0000,-1,-1,-1
178,17,15.80,104.70,100.30,255.90,1.0000,-1,-1,-1
179,6,198.30,1.70,223.40,479.30,1.0000,-1,-1,-1
179,17,1.00,101.70,96.60,268.90,0.9820,-1,-1,-1
179,-1,153.80,156.00,66.40,154.40,0.9950,-1,-1,-1
180,6,197.00,1.00,223.00,480.00,1.0000,-1,-1,-1
180,17,1.00,110.30,86.70,264.00,0.9140,-1,-1,-1
180,18,147.10,154.00,72.30,155.80,0.9970,-1,-1,-1
181,6,192.90,1.30,225.90,479.70,1.0000,-1,-1,-1
181,18,138.70,153.10,77.30,164.10,0.9960,-1,-1,-1
181,17,2.70,113.20,78.00,258.70,0.3300,-1,-1,-1
181,-1,532.70,34.10,101.90,446.90,0.4040,-1,-1,-1
182,6,194.60,1.00,232.50,480.00,1.0000,-1,-1,-1
182,18,137.10,152.90,75.50,166.10,0.9990,-1,-1,-1
182,-1,535.80,17.70,105.20,463.30,0.9390,-1,-1,-1
183,6,191.70,1.00,238.50,480.00,1.0000,-1,-1,-1
183,18,137.80,153.60,69.50,169.10,1.0000,-1,-1,-1
183,19,539.30,18.30,101.70,462.70,0.9420,-1,-1,-1
184,6,187.80,1.00,237.10,480.00,1.0000,-1,-1,-1
184,18,133.60,152.70,72.10,175.10,1.0000,-1,-1,-1
184,19,552.00,8.10,83.40,472.90,0.0820,-1,-1,-1
185,6,186.30,1.00,241.40,480.00,1.0000,-1,-1,-1
185,18,129.50,146.40,72.40,182.40,1.0000,-1,-1,-1
186,6,184.20,1.00,232.30,480.00,1.0000,-1,-1,-1
186,18,123.10,143.50,75.10,188.10,1.0000,-1,-1,-1
187,6,183.40,1.00,235.20,480.00,1.0000,-1,-1,-1
187,18,119.30,138.20,78.80,193.30,1.0000,-1,-1,-1
188,6,185.60,1.00,233.30,480.00,1.0000,-1,-1,-1
188,18,111.10,129.50,86.50,202.80,1.0000,-1,-1,-1
189,6,193.40,2.80,224.50,478.20,1.0000,-1,-1,-1
189,18,99.00,129.30,93.50,206.60,1.0000,-1,-1,-1
190,6,194.50,1.00,234.30,480.00,1.0000,-1,-1,-1
190,18,93.10,121.80,95.90,220.50,1.0000,-1,-1,-1
191,6,208.00,1.00,234.40,480.00,1.0000,-1,-1,-1
191,18,90.90,120.10,91.80,225.80,1.0000,-1,-1,-1
192,6,217.10,1.00,230.70,480.00,1.0000,-1,-1,-1
192,18,87.50,124.30,92.90,230.20,1.0000,-1,-1,-1
193,6,218.50,1.00,246.90,480.00,1.0000,-1,-1,-1
193,18,74.50,116.50,99.30,243.60,1.0000,-1,-1,-1
193,-1,153.30,162.50,46.60,132.50,0.4510,-1,-1,-1
193,-1,192.50,106.40,89.80,288.90,0.3200,-1,-1,-1
194,6,219.60,1.00,247.10,480.00,1.0000,-1,-1,-1
194,18,62.30,106.30,93.80,253.20,1.0000,-1,-1,-1
194,-1,142.90,163.30,53.80,127.60,0.9950,-1,-1,-1
194,-1,188.70,109.20,94.40,267.90,0.7120,-1,-1,-1
195,6,238.30,11.90,244.70,469.10,1.0000,-1,-1,-1
195,18,44.80,92.20,98.10,274.70,0.9990,-1,-1,-1
195,20,134.90,155.00,55.50,135.90,0.9990,-1,-1,-1
195,21,184.40,106.30,85.80,268.30,0.9980,-1,-1,-1
196,6,255.40,5.40,228.10,475.60,1.0000,-1,-1,-1
196,18,39.00,90.10,101.70,287.60,1.0000,-1,-1,-1
196,20,130.60,156.60,59.40,135.50,0.9990,-1,-1,-1
196,21,183.10,107.60,84.50,270.40,0.9990,-1,-1,-1
197,6,262.90,1.00,231.80,480.00,1.0000,-1,-1,-1
197,20,127.60,153.40,57.20,142.20,1.0000,-1,-1,-1
197,21,184.60,109.80,83.20,267.90,1.0000,-1,-1,-1
197,18,33.50,76.70,87.20,329.00,0.4950,-1,-1,-1
198,6,266.10,5.20,230.40,475.80,1.0000,-1,-1,-1
198,20,123.60,144.90,58.00,146.90,1.0000,-1,-1,-1
198,21,182.40,105.70,85.60,268.50,1.0000,-1,-1,-1
198,18,36.20,79.70,72.50,287.90,0.1250,-1,-1,-1
199,6,265.20,3.30,244.60,477.70,1.0000,-1,-1,-1
199,20,114.10,140.40,62.90,148.50,1.0000,-1,-1,-1
199,21,177.50,99.90,82.30,263.40,1.0000,-1,-1,-1
199,18,1.00,1.00,92.60,480.00,0.1880,-1,-1,-1
200,6,263.70,4.50,237.80,476.50,1.0000,-1,-1,-1
200,20,100.60,137.70,65.00,155.10,0.9990,-1,-1,-1
200,21,166.80,96.60,83.70,268.50,1.0000,-1,-1,-1
201,6,273.10,1.00,232.40,480.00,1.0000,-1,-1,-1
201,20,92.30,137.50,65.50,162.80,0.9990,-1,-1,-1
201,21,161.60,97.60,85.00,266.80,1.0000,-1,-1,-1
201,18,8.10,1.00,93.70,480.00,0.0740,-1,-1,-1
202,6,279.90,1.00,224.60,480.00,1.0000,-1,-1,-1
202,20,85.30,140.80,73.00,167.10,0.9990,-1,-1,-1
202,21,161.60,105.90,87.30,269.70,1.0000,-1,-1,-1
202,18,11.20,25.20,94.00,455.80,0.1330,-1,-1,-1
203,6,285.90,1.00,218.00,480.00,1.0000,-1,-1,-1
203,20,84.30,143.80,76.80,180.30,0.9960,-1,-1,-1
203,21,165.80,116.90,85.40,261.50,1.0000,-1,-1,-1
203,18,6.30,13.80,108.40,467.20,0.1570,-1,-1,-1
204,6,290.90,1.00,215.90,480.00,1.0000,-1,-1,-1
204,20,79.50,134.90,64.60,192.20,0.7440,-1,-1,-1
204,21,166.50,122.30,83.10,260.10,1.0000,-1,-1,-1
204,18,1.00,1.00,109.70,480.00,0.0990,-1,-1,-1
204,-1,250.20,116.20,86.80,263.10,0.1970,-1,-1,-1
205,6,283.60,1.00,226.10,480.00,1.0000,-1,-1,-1
205,21,161.80,124.50,90.00,268.60,1.0000,-1,-1,-1
205,18,1.10,1.00,118.70,480.00,0.5070,-1,-1,-1
206,6,296.00,1.00,221.70,480.00,1.0000,-1,-1,-1
206,21,163.00,119.10,93.40,271.10,1.0000,-1,-1,-1
206,18,6.90,1.00,115.70,480.00,0.1330,-1,-1,-1
206,-1,253.70,113.60,86.30,264.20,0.8850,-1,-1,-1
207,6,296.70,1.00,225.80,480.00,1.0000,-1,-1,-1
207,21,170.40,114.10,88.00,270.10,1.0000,-1,-1,-1
207,18,6.30,1.00,110.90,480.00,0.1260,-1,-1,-1
207,22,256.10,109.30,81.20,268.50,0.5710,-1,-1,-1
208,6,298.30,1.00,238.50,480.00,1.0000,-1,-1,-1
208,21,176.90,109.50,81.80,261.40,1.0000,-1,-1,-1
208,22,252.30,103.10,77.90,267.30,0.9880,-1,-1,-1
208,18,2.40,1.00,106.30,480.00,0.3090,-1,-1,-1
209,6,313.60,1.10,235.00,479.90,1.0000,-1,-1,-1
209,18,2.30,1.00,122.10,480.00,0.7430,-1,-1,-1
209,21,178.70,100.30,85.90,269.20,1.0000,-1,-1,-1
209,22,252.00,98.70,83.10,267.90,0.9980,-1,-1,-1
210,6,328.00,1.20,243.40,479.80,1.0000,-1,-1,-1
210,18,1.00,1.00,148.40,480.00,0.9600,-1,-1,-1
210,21,190.60,108.10,81.50,266.30,1.0000,-1,-1,-1
210,22,261.00,110.30,84.30,264.50,0.9980,-1,-1,-1
211,6,338.90,5.40,253.50,475.60,1.0000,-1,-1,-1
211,18,1.00,1.00,167.70,480.00,0.9990,-1,-1,-1
211,21,198.70,116.10,84.60,258.20,1.0000,-1,-1,-1
211,22,273.20,114.60,84.80,261.60,1.0000,-1,-1,-1
212,6,355.60,4.40,246.60,476.60,1.0000,-1,-1,-1
212,18,1.00,1.00,186.90,480.00,0.9990,-1,-1,-1
212,21,205.80,119.10,85.50,258.30,1.0000,-1,-1,-1
212,22,282.30,115.50,79.40,252.30,0.9990,-1,-1,-1
213,6,368.80,5.90,251.60,475.10,1.0000,-1,-1,-1
213,18,1.90,1.00,199.50,480.00,1.0000,-1,-1,-1
213,21,214.30,117.20,79.00,255.20,1.0000,-1,-1,-1
213,22,288.80,116.00,76.90,244.50,1.0000,-1,-1,-1
214,6,384.50,6.60,244.50,474.40,1.0000,-1,-1,-1
214,18,8.50,1.00,210.90,480.00,1.0000,-1,-1,-1
214,21,219.50,117.80,77.20,258.50,1.0000,-1,-1,-1
214,22,296.00,112.20,76.20,258.40,0.9990,-1,-1,-1
215,6,401.10,1.00,239.90,480.00,1.0000,-1,-1,-1
215,18,21.70,1.00,206.30,480.00,1.0000,-1,-1,-1
215,21,226.50,112.70,76.50,260.60,1.0000,-1,-1,-1
215,22,304.70,113.70,72.30,251.10,1.0000,-1,-1,-1
216,6,404.80,2.60,236.20,478.40,1.0000,-1,-1,-1
216,18,35.80,1.00,198.50,480.00,1.0000,-1,-1,-1
216,21,234.10,114.30,76.30,252.00,1.0000,-1,-1,-1
216,22,310.20,114.50,74.70,254.00,1.0000,-1,-1,-1
217,6,407.70,2.70,233.30,478.30,1.0000,-1,-1,-1
217,18,44.60,1.00,197.50,480.00,1.0000,-1,-1,-1
217,21,234.90,116.30,75.60,250.70,1.0000,-1,-1,-1
217,22,312.60,114.40,70.20,251.80,1.0000,-1,-1,-1
218,6,414.90,1.00,226.10,480.00,1.0000,-1,-1,-1
218,18,42.40,1.00,210.60,480.00,1.0000,-1,-1,-1
218,21,237.60,121.40,72.50,246.80,1.0000,-1,-1,-1
218,22,314.80,115.20,66.30,243.90,1.0000,-1,-1,-1
219,6,413.30,2.40,227.70,478.60,0.9980,-1,-1,-1
219,18,60.00,1.00,194.50,480.00,1.0000,-1,-1,-1
219,21,235.60,117.80,74.30,239.70,0.9990,-1,-1,-1
219,22,312.60,113.70,68.00,244.50,1.0000,-1,-1,-1
220,6,412.30,5.30,228.70,475.70,0.9970,-1,-1,-1
220,18,46.70,1.00,210.70,480.00,1.0000,-1,-1,-1
220,21,233.70,114.90,76.30,242.70,0.9990,-1,-1,-1
220,22,310.10,111.00,67.50,246.20,1.0000,-1,-1,-1
221,6,415.60,1.00,225.40,480.00,0.9990,-1,-1,-1
221,18,33.00,1.00,221.90,480.00,1.0000,-1,-1,-1
221,21,230.00,113.80,75.20,242.80,0.9990,-1,-1,-1
221,22,304.40,112.40,67.50,246.50,0.9990,-1,-1,-1
222,6,408.10,1.00,232.90,480.00,0.9990,-1,-1,-1
222,18,15.40,2.80,243.00,478.20,1.0000,-1,-1,-1
222,21,222.90,118.60,74.70,244.00,0.9960,-1,-1,-1
222,22,297.40,119.70,70.10,231.00,1.0000,-1,-1,-1
223,6,409.50,1.00,231.50,480.00,1.0000,-1,-1,-1
223,18,23.60,2.20,225.50,478.80,1.0000,-1,-1,-1
223,21,221.40,118.00,75.50,247.20,0.9970,-1,-1,-1
223,22,299.30,120.10,67.20,234.40,0.9990,-1,-1,-1
224,6,406.70,2.50,234.30,478.50,1.0000,-1,-1,-1
224,18,25.10,6.80,220.60,474.20,1.0000,-1,-1,-1
224,21,216.40,121.50,74.70,243.80,0.9970,-1,-1,-1
224,22,295.00,125.50,69.10,226.60,0.9990,-1,-1,-1
225,6,399.30,4.10,241.70,476.90,1.0000,-1,-1,-1
225,18,17.40,1.00,234.20,480.00,1.0000,-1,-1,-1
225,21,213.40,126.00,72.50,241.00,0.9850,-1,-1,-1
225,22,292.30,124.30,69.50,229.80,1.0000,-1,-1,-1
226,6,394.10,8.20,246.90,472.80,1.0000,-1,-1,-1
226,18,34.50,4.80,206.10,476.20,1.0000,-1,-1,-1
226,21,208.70,122.90,73.10,236.20,0.7050,-1,-1,-1
226,22,289.40,125.50,69.50,227.00,1.0000,-1,-1,-1
227,6,396.90,7.80,244.10,473.20,1.0000,-1,-1,-1
227,18,42.60,1.00,194.10,480.00,1.0000,-1,-1,-1
227,22,284.40,122.80,69.80,233.10,1.0000,-1,-1,-1
228,6,396.20,7.30,244.80,473.70,1.0000,-1,-1,-1
228,18,47.30,2.70,195.30,478.30,1.0000,-1,-1,-1
228,22,277.80,127.70,71.90,233.30,1.0000,-1,-1,-1
228,21,199.70,128.20,69.00,207.40,0.0640,-1,-1,-1
229,6,390.30,1.00,250.70,480.00,0.9990,-1,-1,-1
229,18,53.10,3.50,182.60,477.50,1.0000,-1,-1,-1
229,22,275.30,133.40,72.80,228.30,1.0000,-1,-1,-1
229,21,199.60,136.60,73.30,188.60,0.4640,-1,-1,-1
230,6,386.00,5.20,255.00,475.80,0.9980,-1,-1,-1
230,18,46.50,1.00,184.20,480.00,1.0000,-1,-1,-1
230,21,202.10,138.00,69.10,219.70,0.9880,-1,-1,-1
230,22,274.00,138.40,72.40,224.50,1.0000,-1,-1,-1
231,6,385.20,9.80,255.80,471.20,0.9990,-1,-1,-1
231,18,52.00,12.10,173.60,468.90,1.0000,-1,-1,-1
231,21,199.80,130.30,68.50,230.90,0.9910,-1,-1,-1
231,22,270.90,135.70,70.20,225.40,1.0000,-1,-1,-1
232,6,381.60,8.10,259.40,472.90,1.0000,-1,-1,-1
232,18,43.50,4.30,176.80,476.70,1.0000,-1,-1,-1
232,21,192.80,126.30,73.30,223.80,0.9890,-1,-1,-1
232,22,263.40,125.30,70.70,225.70,1.0000,-1,-1,-1
233,6,381.20,1.00,259.80,480.00,0.9990,-1,-1,-1
233,18,41.00,2.50,180.70,478.50,1.0000,-1,-1,-1
233,21,190.30,131.80,73.30,225.00,0.9970,-1,-1,-1
233,22,262.50,128.30,68.10,225.80,1.0000,-1,-1,-1
234,6,381.50,1.00,259.50,480.00,1.0000,-1,-1,-1
234,18,28.30,6.80,195.30,474.20,1.0000,-1,-1,-1
234,21,186.80,137.50,80.70,228.20,0.9950,-1,-1,-1
234,22,260.70,135.40,68.20,222.60,1.0000,-1,-1,-1
235,6,376.40,1.00,264.60,480.00,1.0000,-1,-1,-1
235,18,25.40,1.00,195.30,480.00,1.0000,-1,-1,-1
235,21,188.10,134.50,77.30,212.00,0.9980,-1,-1,-1
235,22,258.60,132.80,67.50,223.80,1.0000,-1,-1,-1
236,6,378.10,1.00,262.90,480.00,1.0000,-1,-1,-1
236,18,20.50,1.00,201.40,480.00,1.0000,-1,-1,-1
236,21,190.70,131.50,73.40,225.90,0.9960,-1,-1,-1
236,22,262.50,132.00,67.60,222.00,1.0000,-1,-1,-1
237,6,381.10,1.00,259.90,480.00,1.0000,-1,-1,-1
237,18,15.70,1.80,207.30,479.20,1.0000,-1,-1,-1
237,21,196.70,134.20,66.70,219.30,0.6770,-1,-1,-1
237,22,261.70,134.20,72.90,216.20,1.0000,-1,-1,-1
238,6,384.50,1.00,256.50,480.00,1.0000,-1,-1,-1
238,18,26.40,1.00,199.10,480.00,1.0000,-1,-1,-1
238,21,192.40,128.60,77.00,208.90,0.9230,-1,-1,-1
238,22,269.50,123.70,70.10,218.20,1.0000,-1,-1,-1
239,6,383.20,1.00,257.80,480.00,0.9990,-1,-1,-1
239,18,31.10,2.80,198.40,478.20,1.0000,-1,-1,-1
239,21,204.10,128.00,66.90,207.40,0.7440,-1,-1,-1
239,22,274.70,121.80,68.40,217.60,1.0000,-1,-1,-1
240,6,387.30,1.00,253.70,480.00,0.9990,-1,-1,-1
240,18,47.60,2.70,193.90,478.30,1.0000,-1,-1,-1
240,22,280.50,123.60,67.20,219.30,1.0000,-1,-1,-1
240,21,210.50,127.50,64.10,198.70,0.5660,-1,-1,-1
241,6,379.20,1.00,261.80,480.00,1.0000,-1,-1,-1
241,18,60.80,4.30,175.10,476.70,1.0000,-1,-1,-1
241,22,274.30,131.30,70.50,210.90,1.0000,-1,-1,-1
242,6,381.90,1.00,259.10,480.00,0.9990,-1,-1,-1
242,18,69.30,4.80,175.10,476.20,1.0000,-1,-1,-1
242,22,276.20,130.20,66.90,211.60,1.0000,-1,-1,-1
242,-1,55.60,121.90,53.70,204.30,0.2260,-1,-1,-1
243,6,389.50,1.00,251.50,480.00,0.9990,-1,-1,-1
243,18,75.90,1.50,167.90,479.50,1.0000,-1,-1,-1
243,22,274.00,133.80,65.70,206.70,1.0000,-1,-1,-1
243,-1,36.00,134.50,70.60,196.40,0.9990,-1,-1,-1
244,6,399.40,2.70,241.60,478.30,1.0000,-1,-1,-1
244,18,75.10,1.00,161.80,480.00,1.0000,-1,-1,-1
244,22,275.20,134.50,64.80,208.90,1.0000,-1,-1,-1
244,23,25.00,128.00,80.20,211.80,1.0000,-1,-1,-1
244,21,219.70,141.00,50.10,185.70,0.0780,-1,-1,-1
245,6,402.40,4.30,238.60,476.70,0.9990,-1,-1,-1
245,18,82.50,9.30,157.10,471.70,1.0000,-1,-1,-1
245,22,274.40,131.60,66.30,212.40,1.0000,-1,-1,-1
245,23,14.70,125.00,85.50,221.80,1.0000,-1,-1,-1
246,6,400.80,1.00,240.20,480.00,0.9930,-1,-1,-1
246,18,86.00,9.70,158.20,471.30,1.0000,-1,-1,-1
246,21,220.10,137.80,56.70,185.30,0.7800,-1,-1,-1
246,22,280.60,129.10,63.30,208.00,1.0000,-1,-1,-1
246,23,5.30,113.00,89.40,235.00,1.0000,-1,-1,-1
247,6,415.00,4.70,226.00,476.30,0.9980,-1,-1,-1
247,18,84.90,3.70,160.50,477.30,0.9990,-1,-1,-1
247,21,217.10,137.40,64.30,176.00,0.7350,-1,-1,-1
247,22,279.20,128.60,67.80,208.00,1.0000,-1,-1,-1
247,23,3.70,106.20,85.20,244.90,1.0000,-1,-1,-1
248,6,422.70,4.20,218.30,476.80,0.9740,-1,-1,-1
248,18,82.60,3.80,169.60,477.20,1.0000,-1,-1,-1
248,21,215.30,135.00,68.00,176.60,0.6260,-1,-1,-1
248,22,278.40,127.50,70.70,204.50,1.0000,-1,-1,-1
248,23,2.90,100.60,76.70,255.40,1.0000,-1,-1,-1
249,6,434.20,5.10,206.80,475.90,0.9180,-1,-1,-1
249,18,91.80,11.60,163.70,469.40,1.0000,-1,-1,-1
249,22,283.80,128.50,68.60,205.10,1.0000,-1,-1,-1
249,21,224.60,133.50,56.30,192.20,0.0650,-1,-1,-1
249,23,7.80,100.80,67.50,255.50,0.3980,-1,-1,-1
250,6,433.30,1.00,207.70,480.00,0.9700,-1,-1,-1
250,18,86.90,1.00,175.40,476.60,1.0000,-1,-1,-1
250,22,282.00,126.00,72.50,206.50,1.0000,-1,-1,-1
250,23,6.90,88.70,62.60,298.30,0.0990,-1,-1,-1
251,6,440.40,1.00,200.60,480.00,0.6800,-1,-1,-1
251,18,66.80,8.90,197.10,459.50,1.0000,-1,-1,-1
251,22,289.90,128.90,69.30,198.60,1.0000,-1,-1,-1
251,21,231.50,128.70,60.80,195.00,0.3500,-1,-1,-1
251,23,10.20,88.70,60.20,278.90,0.1180,-1,-1,-1
251,-1,406.80,107.60,95.70,269.90,0.2290,-1,-1,-1
252,18,63.30,17.60,205.30,463.40,1.0000,-1,-1,-1
252,22,289.20,132.10,71.10,205.00,1.0000,-1,-1,-1
252,6,456.00,1.00,185.00,480.00,0.5110,-1,-1,-1
252,21,228.40,132.30,63.00,195.60,0.1050,-1,-1,-1
252,-1,407.10,112.70,97.00,283.00,0.2540,-1,-1,-1
253,6,401.90,124.00,99.10,282.60,0.8850,-1,-1,-1
253,18,64.10,35.20,207.00,445.80,1.0000,-1,-1,-1
253,22,289.20,144.30,70.20,202.30,1.0000,-1,-1,-1
253,21,228.00,146.10,64.20,191.40,0.5100,-1,-1,-1
253,23,29.70,57.50,73.50,350.80,0.1720,-1,-1,-1
253,-1,464.60,1.00,176.40,480.00,0.4800,-1,-1,-1
254,6,404.20,114.60,94.30,266.00,0.8780,-1,-1,-1
254,18,77.80,20.90,191.00,460.10,1.0000,-1,-1,-1
254,22,294.30,136.60,68.10,200.30,1.0000,-1,-1,-1
254,23,16.90,47.40,88.40,379.90,0.9860,-1,-1,-1
254,21,231.10,142.10,67.10,188.10,0.4310,-1,-1,-1
254,-1,468.90,1.00,172.10,480.00,0.1510,-1,-1,-1
255,6,405.40,107.90,89.10,261.70,0.9960,-1,-1,-1
255,18,79.40,18.70,181.40,462.30,1.0000,-1,-1,-1
255,22,291.70,128.70,62.40,202.70,1.0000,-1,-1,-1
255,23,2.90,44.90,99.10,376.60,0.9980,-1,-1,-1
255,21,234.00,139.90,60.00,187.40,0.2890,-1,-1,-1
255,-1,475.10,1.00,165.90,480.00,0.4030,-1,-1,-1
256,6,397.40,112.90,92.70,274.70,0.9990,-1,-1,-1
256,18,85.30,12.30,168.40,468.70,1.0000,-1,-1,-1
256,21,230.50,141.60,58.30,195.50,0.8330,-1,-1,-1
256,22,285.50,138.30,61.20,195.50,1.0000,-1,-1,-1
256,23,8.20,26.90,70.40,403.80,0.8400,-1,-1,-1
257,6,389.60,117.40,94.50,273.30,0.9990,-1,-1,-1
257,18,83.90,16.50,168.20,461.70,1.0000,-1,-1,-1
257,21,227.20,145.40,59.70,201.50,0.9300,-1,-1,-1
257,22,280.40,141.40,62.80,194.90,1.0000,-1,-1,-1
257,-1,468.20,1.00,172.80,480.00,0.3300,-1,-1,-1
258,6,386.10,117.50,101.40,269.00,0.9990,-1,-1,-1
258,18,98.10,21.70,156.70,449.40,1.0000,-1,-1,-1
258,21,237.00,142.10,50.70,194.80,0.9830,-1,-1,-1
258,22,280.50,137.20,60.90,194.60,1.0000,-1,-1,-1
258,23,18.90,181.00,48.00,100.80,0.9960,-1,-1,-1
258,-1,469.50,1.70,171.50,479.30,0.1280,-1,-1,-1
259,6,383.80,112.70,99.70,272.20,1.0000,-1,-1,-1
259,18,92.20,11.90,157.80,461.70,1.0000,-1,-1,-1
259,21,234.20,140.70,48.40,191.20,0.9870,-1,-1,-1
259,22,278.90,135.50,59.80,194.10,0.9990,-1,-1,-1
259,23,18.90,179.80,46.10,99.70,0.9960,-1,-1,-1
259,-1,469.70,1.00,171.30,480.00,0.2280,-1,-1,-1
260,6,381.00,116.80,99.80,276.90,0.9990,-1,-1,-1
260,18,88.40,24.40,159.90,456.60,1.0000,-1,-1,-1
260,21,233.90,146.50,50.70,186.50,0.8400,-1,-1,-1
260,22,278.60,143.60,63.60,188.90,0.9990,-1,-1,-1
260,23,18.80,185.20,46.10,99.10,0.9990,-1,-1,-1
260,-1,474.90,1.00,166.10,480.00,0.0710,-1,-1,-1
261,6,377.60,122.90,104.30,276.80,1.0000,-1,-1,-1
261,18,92.50,34.90,150.40,446.10,1.0000,-1,-1,-1
261,21,228.20,154.40,54.50,182.00,0.9780,-1,-1,-1
261,22,279.50,144.50,62.70,190.50,0.9990,-1,-1,-1
261,23,19.60,184.30,45.60,100.20,0.9990,-1,-1,-1
261,-1,480.50,4.30,160.50,476.70,0.1220,-1,-1,-1
262,6,375.00,114.70,101.50,279.80,1.0000,-1,-1,-1
262,18,95.70,41.50,149.00,439.50,1.0000,-1,-1,-1
262,21,224.90,149.90,56.00,187.60,0.9930,-1,-1,-1
262,22,277.20,144.30,60.10,188.70,1.0000,-1,-1,-1
262,23,19.30,184.30,43.70,95.50,0.9990,-1,-1,-1
262,-1,69.20,131.60,62.80,214.30,0.4770,-1,-1,-1
262,-1,480.00,1.00,161.00,480.00,0.0590,-1,-1,-1
263,6,375.20,112.40,95.50,281.00,0.9990,-1,-1,-1
263,18,89.50,35.50,157.30,445.50,1.0000,-1,-1,-1
263,21,223.90,144.20,54.50,192.70,0.9950,-1,-1,-1
263,22,275.60,141.70,61.10,187.00,0.9990,-1,-1,-1
263,23,18.30,179.80,44.40,99.50,0.9980,-1,-1,-1
263,-1,58.80,127.10,70.00,212.80,0.4000,-1,-1,-1
263,-1,480.40,2.30,160.60,478.70,0.0550,-1,-1,-1
264,6,370.00,114.80,99.20,277.00,0.9990,-1,-1,-1
264,18,82.40,29.40,164.10,451.60,1.0000,-1,-1,-1
264,21,220.50,146.50,59.90,184.60,0.9260,-1,-1,-1
264,22,275.40,139.80,63.10,194.40,1.0000,-1,-1,-1
264,23,15.40,180.00,49.00,95.90,0.4200,-1,-1,-1
264,-1,57.20,120.10,72.90,239.40,0.2670,-1,-1,-1
265,6,368.50,112.30,99.90,281.30,1.0000,-1,-1,-1
265,18,75.90,29.60,171.40,447.20,1.0000,-1,-1,-1
265,21,214.40,142.80,64.10,181.30,0.9600,-1,-1,-1
265,22,273.70,139.50,64.40,195.40,1.0000,-1,-1,-1
266,6,367.50,112.90,97.30,283.50,0.9990,-1,-1,-1
266,18,61.10,27.70,190.90,436.10,1.0000,-1,-1,-1
266,22,273.70,140.60,67.30,185.80,1.0000,-1,-1,-1
266,21,217.30,143.00,61.10,183.80,0.4560,-1,-1,-1
267,6,368.30,114.50,94.20,281.00,0.9990,-1,-1,-1
267,18,66.80,28.80,183.30,452.20,1.0000,-1,-1,-1
267,22,272.30,138.50,65.20,192.80,1.0000,-1,-1,-1
267,23,16.10,86.40,74.00,269.40,0.6690,-1,-1,-1
267,21,212.50,140.90,64.80,183.20,0.4400,-1,-1,-1
268,6,365.20,113.00,94.10,281.60,0.9990,-1,-1,-1
268,18,68.90,31.00,178.20,450.00,1.0000,-1,-1,-1
268,22,269.10,141.60,64.60,183.80,0.9990,-1,-1,-1
268,23,7.40,89.40,86.40,280.40,0.6880,-1,-1,-1
268,21,215.80,140.00,56.70,181.70,0.0640,-1,-1,-1
269,6,363.30,105.90,92.20,282.60,0.9990,-1,-1,-1
269,18,60.70,15.50,181.10,465.50,1.0000,-1,-1,-1
269,22,265.40,132.50,58.50,193.50,0.9980,-1,-1,-1
269,23,6.30,72.30,75.60,299.10,1.0000,-1,-1,-1
269,21,205.10,138.40,66.80,175.60,0.0630,-1,-1,-1
269,-1,307.10,146.00,41.70,155.40,0.1310,-1,-1,-1
270,6,360.80,104.90,91.60,288.50,0.9990,-1,-1,-1
270,18,63.00,19.60,180.50,461.40,1.0000,-1,-1,-1
270,22,266.50,133.60,52.00,191.00,1.0000,-1,-1,-1
270,23,1.00,86.90,73.30,263.70,1.0000,-1,-1,-1
270,21,210.10,136.10,51.40,185.60,0.1000,-1,-1,-1
270,-1,305.70,149.90,47.20,148.50,0.9940,-1,-1,-1
271,6,356.90,103.80,96.50,284.20,1.0000,-1,-1,-1
271,18,71.70,29.30,171.70,451.70,1.0000,-1,-1,-1
271,22,264.30,130.80,53.20,194.10,0.9990,-1,-1,-1
271,23,1.50,93.50,72.20,259.80,0.9990,-1,-1,-1
271,24,306.60,148.70,50.20,147.90,0.9920,-1,-1,-1
272,6,353.90,107.40,98.10,284.10,1.0000,-1,-1,-1
272,18,95.70,30.10,153.10,450.90,1.0000,-1,-1,-1
272,22,264.80,136.00,50.80,192.10,0.9990,-1,-1,-1
272,23,15.30,155.60,44.20,131.00,0.9210,-1,-1,-1
272,24,306.00,148.90,56.20,153.30,0.9990,-1,-1,-1
272,-1,53.60,135.00,61.80,182.00,0.9900,-1,-1,-1
273,6,352.30,104.00,99.90,286.70,0.9990,-1,-1,-1
273,18,102.30,22.10,146.90,458.90,1.0000,-1,-1,-1
273,22,261.90,140.50,54.90,187.60,0.9950,-1,-1,-1
273,23,16.50,165.00,46.50,120.70,0.9840,-1,-1,-1
273,24,310.10,155.40,55.00,140.50,0.9950,-1,-1,-1
273,25,49.50,134.90,61.60,186.70,0.9990,-1,-1,-1
274,6,353.10,100.90,101.50,288.20,0.9990,-1,-1,-1
274,18,112.10,23.10,143.70,452.10,1.0000,-1,-1,-1
274,22,262.80,132.90,54.70,187.10,0.9960,-1,-1,-1
274,24,316.00,142.60,60.40,161.10,0.9620,-1,-1,-1
274,25,41.30,130.20,68.00,193.80,1.0000,-1,-1,-1
274,-1,501.90,1.00,139.10,480.00,0.1480,-1,-1,-1
275,6,355.60,98.40,91.80,279.60,0.9980,-1,-1,-1
275,18,113.20,17.70,137.90,456.70,1.0000,-1,-1,-1
275,22,267.60,128.50,52.00,182.20,0.9990,-1,-1,-1
275,25,29.70,127.50,74.90,195.70,1.0000,-1,-1,-1
276,6,347.90,98.70,98.20,289.20,0.9990,-1,-1,-1
276,18,113.00,26.80,142.40,447.70,1.0000,-1,-1,-1
276,22,266.80,127.90,53.90,178.60,0.9990,-1,-1,-1
276,25,19.00,120.90,79.50,211.00,1.0000,-1,-1,-1
276,-1,100.10,135.00,41.10,163.10,0.0590,-1,-1,-1
277,6,349.60,95.60,100.90,292.80,0.9990,-1,-1,-1
277,18,118.90,28.30,141.40,452.70,1.0000,-1,-1,-1
277,22,270.20,132.80,50.70,185.00,0.9990,-1,-1,-1
277,25,7.40,118.20,89.10,221.20,1.0000,-1,-1,-1
278,6,351.20,98.20,94.30,285.50,1.0000,-1,-1,-1
278,18,124.50,31.50,145.70,449.40,1.0000,-1,-1,-1
278,22,269.20,135.50,55.00,185.90,0.9990,-1,-1,-1
278,25,5.80,116.80,86.10,226.60,1.0000,-1,-1,-1
279,6,341.30,100.40,103.60,282.50,0.9990,-1,-1,-1
279,18,130.20,25.30,142.50,450.40,1.0000,-1,-1,-1
279,22,267.70,132.80,57.40,184.70,0.9990,-1,-1,-1
279,25,1.00,108.80,72.80,239.50,1.0000,-1,-1,-1
280,6,336.40,105.20,107.30,278.80,0.9990,-1,-1,-1
280,18,140.60,25.50,136.30,446.90,1.0000,-1,-1,-1
280,22,267.60,137.30,55.40,185.70,0.9970,-1,-1,-1
280,25,1.00,107.70,58.80,247.70,0.9990,-1,-1,-1
280,-1,475.50,1.00,165.50,480.00,0.1350,-1,-1,-1
281,6,333.70,106.90,114.00,294.70,1.0000,-1,-1,-1
281,18,130.60,47.20,147.40,419.40,1.0000,-1,-1,-1
281,22,266.10,139.80,56.60,186.90,0.9790,-1,-1,-1
281,25,15.90,140.90,61.80,197.50,0.9240,-1,-1,-1
282,6,324.40,101.70,117.60,294.20,0.9980,-1,-1,-1
282,18,118.20,32.80,165.80,433.00,1.0000,-1,-1,-1
282,22,263.50,135.10,53.10,169.30,0.9840,-1,-1,-1
282,25,23.80,145.40,53.20,165.20,0.9980,-1,-1,-1
283,6,312.90,106.80,125.10,289.60,0.9960,-1,-1,-1
283,18,111.10,33.40,172.50,440.90,1.0000,-1,-1,-1
283,25,19.30,146.10,51.00,166.20,0.9960,-1,-1,-1
283,22,257.70,134.70,50.90,161.80,0.1800,-1,-1,-1
284,6,306.20,105.40,126.00,287.20,0.9980,-1,-1,-1
284,18,112.80,40.80,177.30,439.90,1.0000,-1,-1,-1
284,25,16.60,150.30,48.50,172.90,0.7570,-1,-1,-1
284,-1,435.10,1.00,205.90,480.00,0.4090,-1,-1,-1
285,6,299.80,108.30,130.10,277.00,0.9950,-1,-1,-1
285,18,113.10,50.40,174.60,430.00,1.0000,-1,-1,-1
285,25,14.70,132.50,73.60,266.70,0.0700,-1,-1,-1
285,-1,422.60,3.00,218.40,478.00,0.4120,-1,-1,-1
286,6,298.90,99.90,122.50,292.40,0.9980,-1,-1,-1
286,18,108.70,49.40,175.80,415.60,1.0000,-1,-1,-1
286,25,18.70,116.40,74.40,297.50,0.1350,-1,-1,-1
287,6,294.80,95.30,114.90,291.70,0.9990,-1,-1,-1
287,18,120.60,29.80,155.00,436.10,1.0000,-1,-1,-1
287,25,8.20,131.60,65.40,289.20,0.8780,-1,-1,-1
287,-1,64.10,110.20,77.50,250.60,0.9270,-1,-1,-1
287,-1,397.40,1.00,243.60,480.00,0.9020,-1,-1,-1
288,6,288.90,96.90,115.40,292.40,0.9990,-1,-1,-1
288,18,116.70,33.10,153.20,431.10,1.0000,-1,-1,-1
288,25,1.00,122.10,60.90,303.70,0.8710,-1,-1,-1
288,26,44.40,101.10,86.00,271.30,0.9580,-1,-1,-1
288,27,386.80,1.00,254.20,480.00,0.9910,-1,-1,-1
289,6,286.60,104.70,111.50,288.60,0.9990,-1,-1,-1
289,18,117.40,31.10,150.20,433.90,1.0000,-1,-1,-1
289,26,21.50,85.20,101.80,309.80,0.9960,-1,-1,-1
289,27,374.30,1.00,266.70,480.00,0.9920,-1,-1,-1
290,6,279.60,100.50,115.50,290.10,0.9970,-1,-1,-1
290,18,121.70,27.60,145.90,439.70,1.0000,-1,-1,-1
290,26,5.50,76.40,101.80,331.80,0.9990,-1,-1,-1
290,27,355.00,1.00,286.00,480.00,0.9970,-1,-1,-1
290,22,239.30,137.30,47.00,141.70,0.1620,-1,-1,-1
290,24,70.10,79.70,456.90,324.90,0.0560,-1,-1,-1
291,6,278.00,104.10,113.00,286.60,0.9960,-1,-1,-1
291,18,114.00,35.00,153.10,440.10,1.0000,-1,-1,-1
291,26,1.00,78.60,91.60,320.90,1.0000,-1,-1,-1
291,27,364.20,1.00,276.80,480.00,0.9990,-1,-1,-1
292,6,275.00,92.10,113.40,298.10,0.9930,-1,-1,-1
292,18,113.10,33.20,148.60,440.60,1.0000,-1,-1,-1
292,26,1.30,62.10,78.80,350.90,0.9990,-1,-1,-1
292,27,357.20,1.00,283.70,480.00,0.9900,-1,-1,-1
293,6,270.50,96.70,109.10,291.10,0.9950,-1,-1,-1
293,18,104.20,32.10,154.30,448.90,1.0000,-1,-1,-1
293,26,19.50,74.30,67.60,276.00,0.8530,-1,-1,-1
293,27,346.50,1.00,294.50,480.00,0.9970,-1,-1,-1
294,6,267.90,93.80,113.30,293.10,0.9980,-1,-1,-1
294,18,103.10,31.60,152.70,437.60,1.0000,-1,-1,-1
294,26,16.80,92.70,83.60,245.50,0.9970,-1,-1,-1
294,27,343.50,1.00,296.80,480.00,0.9990,-1,-1,-1
295,6,271.20,91.70,110.20,301.80,0.9990,-1,-1,-1
295,18,106.60,22.00,148.80,439.10,1.0000,-1,-1,-1
295,26,13.10,91.20,86.90,249.10,0.9990,-1,-1,-1
295,27,335.90,1.00,305.10,480.00,0.9980,-1,-1,-1
296,6,276.00,90.80,111.00,301.40,0.9990,-1,-1,-1
296,18,101.50,17.70,158.90,432.40,1.0000,-1,-1,-1
296,26,10.90,84.80,94.10,255.40,0.9990,-1,-1,-1
296,27,349.70,3.50,291.30,477.50,0.9980,-1,-1,-1
297,6,282.10,98.50,109.60,297.70,0.9810,-1,-1,-1
297,18,95.50,27.10,167.50,415.50,1.0000,-1,-1,-1
297,26,14.30,80.30,92.40,261.60,0.9990,-1,-1,-1
297,27,365.40,1.10,275.60,479.90,0.9920,-1,-1,-1
298,6,289.00,96.30,106.50,306.20,0.9960,-1,-1,-1
298,18,95.20,29.70,173.10,422.50,1.0000,-1,-1,-1
298,26,8.40,79.00,104.40,267.20,1.0000,-1,-1,-1
298,27,343.80,1.80,297.20,479.20,0.9400,-1,-1,-1
299,6,291.10,103.60,115.00,294.60,0.9190,-1,-1,-1
299,18,102.70,31.70,169.10,430.70,1.0000,-1,-1,-1
299,26,5.40,76.20,105.90,288.40,1.0000,-1,-1,-1
299,27,355.40,1.00,285.60,480.00,0.9960,-1,-1,-1
300,6,298.20,103.10,111.40,298.50,0.9820,-1,-1,-1
300,18,95.00,50.90,176.30,413.10,1.0000,-1,-1,-1
300,26,4.40,73.30,111.60,305.30,1.0000,-1,-1,-1
300,27,364.40,1.00,276.60,480.00,0.9970,-1,-1,-1
301,6,301.30,102.00,109.00,296.50,0.9960,-1,-1,-1
301,18,111.70,48.00,155.40,413.00,1.0000,-1,-1,-1
301,26,3.70,70.60,109.00,310.00,1.0000,-1,-1,-1
301,27,365.10,1.00,275.90,480.00,0.9970,-1,-1,-1
302,6,302.50,98.30,108.90,302.80,0.9990,-1,-1,-1
302,18,109.20,50.40,156.50,395.00,1.0000,-1,-1,-1
302,26,2.60,53.90,109.20,340.50,1.0000,-1,-1,-1
302,27,372.80,1.00,268.20,480.00,0.9980,-1,-1,-1
303,6,305.80,100.20,112.70,300.70,0.9970,-1,-1,-1
303,18,116.50,46.10,153.10,400.70,1.0000,-1,-1,-1
303,26,1.90,53.00,108.60,358.40,1.0000,-1,-1,-1
303,27,377.10,1.00,263.90,480.00,0.9980,-1,-1,-1
304,6,311.20,103.30,108.50,296.50,0.9980,-1,-1,-1
304,18,133.00,55.20,140.50,393.70,1.0000,-1,-1,-1
304,26,1.40,36.10,110.10,387.30,1.0000,-1,-1,-1
304,27,381.90,1.00,259.10,480.00,0.9960,-1,-1,-1
304,-1,248.30,156.30,46.50,152.00,0.2190,-1,-1,-1
304,-1,114.60,199.20,23.50,51.40,0.9750,-1,-1,-1
305,6,315.30,106.70,107.30,294.20,0.9970,-1,-1,-1
305,18,133.70,53.90,138.00,398.30,1.0000,-1,-1,-1
305,26,1.00,34.00,110.80,384.90,1.0000,-1,-1,-1
305,27,375.60,1.00,265.40,480.00,0.9870,-1,-1,-1
305,28,117.80,196.00,21.10,55.30,0.9980,-1,-1,-1
305,-1,135.80,197.80,18.00,51.40,0.0640,-1,-1,-1
305,-1,249.40,157.60,50.30,152.60,0.9930,-1,-1,-1
306,6,313.70,100.30,110.50,299.30,0.9980,-1,-1,-1
306,18,140.60,53.90,129.80,394.60,1.0000,-1,-1,-1
306,26,1.00,14.50,95.70,404.80,1.0000,-1,-1,-1
306,27,376.90,1.00,264.10,480.00,0.9780,-1,-1,-1
306,28,120.20,193.70,22.20,55.80,0.9990,-1,-1,-1
306,29,255.30,157.90,48.80,153.20,0.9990,-1,-1,-1
306,-1,137.60,192.80,16.50,54.30,0.1920,-1,-1,-1
306,-1,89.30,187.10,28.30,73.70,1.0000,-1,-1,-1
307,6,318.50,103.90,108.00,293.70,0.9980,-1,-1,-1
307,18,147.70,56.60,123.50,407.30,1.0000,-1,-1,-1
307,26,4.80,15.40,90.10,437.50,0.9970,-1,-1,-1
307,27,389.10,3.00,251.90,478.00,0.9900,-1,-1,-1
307,28,124.80,197.50,21.10,54.20,1.0000,-1,-1,-1
307,29,257.10,158.10,49.30,153.10,1.0000,-1,-1,-1
307,30,91.40,187.40,27.00,73.50,0.9990,-1,-1,-1
307,-1,142.60,200.20,14.00,49.50,0.1890,-1,-1,-1
308,6,322.60,97.20,112.50,294.60,0.9940,-1,-1,-1
308,18,150.90,58.90,121.90,402.70,1.0000,-1,-1,-1
308,26,4.30,3.00,82.80,438.80,0.7390,-1,-1,-1
308,27,387.00,1.00,254.00,480.00,0.9940,-1,-1,-1
308,28,126.50,195.00,22.10,53.50,0.9990,-1,-1,-1
308,29,258.30,153.50,51.10,154.60,0.9990,-1,-1,-1
308,30,92.40,187.80,27.50,71.30,1.0000,-1,-1,-1
309,6,317.80,96.60,110.70,297.70,0.9980,-1,-1,-1
309,18,149.90,57.30,118.00,393.60,1.0000,-1,-1,-1
309,27,390.60,1.00,250.40,480.00,0.9980,-1,-1,-1
309,28,122.30,195.40,22.70,53.40,1.0000,-1,-1,-1
309,29,259.80,151.80,49.40,154.60,0.9990,-1,-1,-1
309,30,87.50,184.50,26.10,75.40,1.0000,-1,-1,-1
309,26,2.30,81.00,74.70,354.80,0.1940,-1,-1,-1
310,6,319.10,96.80,111.70,300.10,0.9930,-1,-1,-1
310,18,150.50,57.60,121.80,378.90,1.0000,-1,-1,-1
310,27,381.00,1.00,260.00,480.00,0.9630,-1,-1,-1
310,28,120.00,196.10,22.20,51.50,1.0000,-1,-1,-1
310,29,260.50,153.60,50.80,146.60,0.9990,-1,-1,-1
310,30,85.60,186.30,26.00,73.30,1.0000,-1,-1,-1
311,6,320.00,97.80,103.40,315.90,0.9520,-1,-1,-1
311,18,143.70,63.60,123.30,374.50,1.0000,-1,-1,-1
311,27,375.90,1.00,265.10,480.00,0.9790,-1,-1,-1
311,28,118.70,198.90,21.90,56.30,0.9990,-1,-1,-1
311,29,262.70,161.10,48.60,149.80,1.0000,-1,-1,-1
311,30,80.90,189.60,29.50,77.70,1.0000,-1,-1,-1
312,6,319.50,110.40,113.70,308.30,0.9750,-1,-1,-1
312,18,148.00,69.30,116.60,380.40,1.0000,-1,-1,-1
312,27,375.80,1.00,265.20,480.00,0.9850,-1,-1,-1
312,28,119.00,203.10,22.30,55.90,1.0000,-1,-1,-1
312,29,265.40,165.50,45.50,152.40,0.9960,-1,-1,-1
312,30,78.20,193.50,29.50,79.10,1.0000,-1,-1,-1
313,6,319.50,126.00,104.50,291.20,0.9810,-1,-1,-1
313,18,145.30,71.60,122.40,383.10,1.0000,-1,-1,-1
313,27,374.40,1.00,266.60,480.00,0.7920,-1,-1,-1
313,28,118.80,206.10,22.00,55.00,1.0000,-1,-1,-1
313,29,262.60,164.40,48.00,155.50,0.9970,-1,-1,-1
313,30,73.50,193.50,31.40,81.40,1.0000,-1,-1,-1
314,6,316.60,119.40,104.10,302.10,0.9930,-1,-1,-1
314,18,140.70,82.40,135.70,382.80,1.0000,-1,-1,-1
314,27,386.10,12.60,254.90,468.40,0.9060,-1,-1,-1
314,28,116.50,207.60,22.40,55.40,0.9990,-1,-1,-1
314,29,265.50,166.50,43.40,146.20,0.9980,-1,-1,-1
314,30,66.60,193.70,35.00,85.70,1.0000,-1,-1,-1
315,6,317.80,118.70,106.80,305.50,0.9980,-1,-1,-1
315,18,135.60,91.80,143.00,375.40,1.0000,-1,-1,-1
315,27,386.40,14.40,254.60,466.60,0.8950,-1,-1,-1
315,28,115.60,210.50,23.90,55.90,0.9990,-1,-1,-1
315,29,263.60,169.60,45.00,148.50,0.9980,-1,-1,-1
315,30,60.60,195.70,35.50,90.00,1.0000,-1,-1,-1
316,6,315.80,109.90,103.60,298.40,0.9950,-1,-1,-1
316,18,135.50,83.40,137.40,375.20,1.0000,-1,-1,-1
316,27,388.30,5.90,252.70,475.10,0.9890,-1,-1,-1
316,28,113.00,202.10,22.20,60.40,0.9680,-1,-1,-1
316,29,262.20,168.70,45.70,143.00,1.0000,-1,-1,-1
316,30,56.70,194.60,36.80,86.40,1.0000,-1,-1,-1
317,6,316.10,110.30,105.10,298.00,0.9990,-1,-1,-1
317,18,140.10,80.50,127.10,359.20,1.0000,-1,-1,-1
317,22,122.70,142.30,60.30,187.50,0.6920,-1,-1,-1
317,27,384.80,3.00,256.20,478.00,0.9900,-1,-1,-1
317,29,258.70,167.50,48.10,147.60,0.9990,-1,-1,-1
317,30,50.90,190.20,37.20,89.10,1.0000,-1,-1,-1
318,6,315.50,103.00,108.20,310.00,0.9980,-1,-1,-1
318,18,140.70,75.00,121.10,362.80,1.0000,-1,-1,-1
318,22,111.30,139.90,64.10,191.90,0.9560,-1,-1,-1
318,27,376.10,4.70,264.90,476.30,0.9950,-1,-1,-1
318,29,258.20,168.80,47.40,144.90,0.9990,-1,-1,-1
318,30,44.10,187.10,41.60,90.70,1.0000,-1,-1,-1
319,6,313.80,114.90,106.90,295.00,0.9990,-1,-1,-1
319,18,143.40,77.10,115.60,360.50,1.0000,-1,-1,-1
319,22,104.50,133.20,63.90,200.90,0.9990,-1,-1,-1
319,27,376.80,2.00,264.20,479.00,0.9920,-1,-1,-1
319,29,258.50,166.70,47.10,145.40,1.0000,-1,-1,-1
319,30,40.00,184.90,41.20,91.80,1.0000,-1,-1,-1
320,6,311.80,121.20,103.20,290.10,0.9990,-1,-1,-1
320,18,138.40,77.30,115.30,357.40,1.0000,-1,-1,-1
320,22,95.80,135.80,71.30,202.00,0.9990,-1,-1,-1
320,27,380.80,3.90,260.20,477.10,0.9950,-1,-1,-1
320,29,258.80,165.30,49.80,144.50,1.0000,-1,-1,-1
320,30,31.70,184.70,42.90,92.30,1.0000,-1,-1,-1
321,6,312.40,116.20,109.20,287.30,0.9970,-1,-1,-1
321,18,139.90,77.50,111.00,364.30,1.0000,-1,-1,-1
321,22,84.30,128.80,75.70,217.90,0.9990,-1,-1,-1
321,27,377.20,1.00,263.80,480.00,0.9870,-1,-1,-1
321,29,261.20,164.20,51.30,144.80,1.0000,-1,-1,-1
321,30,26.80,182.10,42.60,95.70,0.9990,-1,-1,-1
321,-1,2.10,197.40,15.60,86.60,0.4060,-1,-1,-1
322,6,318.00,108.30,102.90,301.40,0.9990,-1,-1,-1
322,18,140.30,77.50,110.70,351.10,1.0000,-1,-1,-1
322,22,80.00,123.50,75.30,220.50,1.0000,-1,-1,-1
322,27,383.90,1.00,257.10,480.00,0.9930,-1,-1,-1
322,29,262.60,160.80,47.80,143.70,1.0000,-1,-1,-1
322,30,20.60,177.70,46.20,98.70,0.9990,-1,-1,-1
322,-1,3.20,194.10,14.50,78.00,0.0930,-1,-1,-1
323,6,313.30,109.10,110.10,292.70,0.9980,-1,-1,-1
323,18,137.90,85.10,113.50,357.20,1.0000,-1,-1,-1
323,22,66.10,120.80,83.40,226.90,1.0000,-1,-1,-1
323,27,388.90,1.00,252.10,480.00,0.9940,-1,-1,-1
323,29,262.50,163.30,48.80,142.00,1.0000,-1,-1,-1
323,30,16.30,177.80,48.70,102.00,0.9980,-1,-1,-1
323,-1,2.50,182.00,21.00,84.50,0.8060,-1,-1,-1
324,6,305.90,105.00,113.90,292.20,0.9990,-1,-1,-1
324,18,138.70,81.40,109.30,344.40,1.0000,-1,-1,-1
324,22,50.20,110.40,89.90,236.10,1.0000,-1,-1,-1
324,27,379.00,1.00,262.00,480.00,0.9950,-1,-1,-1
324,29,265.50,162.70,47.80,147.20,0.9980,-1,-1,-1
324,30,11.80,175.00,51.00,105.90,0.9960,-1,-1,-1
325,6,318.70,106.90,105.60,290.60,0.9990,-1,-1,-1
325,18,143.30,85.20,108.80,336.80,1.0000,-1,-1,-1
325,22,43.20,99.60,90.50,257.50,0.9980,-1,-1,-1
325,27,378.50,1.00,262.50,480.00,0.9980,-1,-1,-1
325,29,267.80,160.40,48.30,151.00,1.0000,-1,-1,-1
325,30,7.60,169.10,50.70,128.40,0.9950,-1,-1,-1
326,6,310.90,108.70,108.50,299.00,0.9970,-1,-1,-1
326,18,143.70,77.70,107.90,339.20,1.0000,-1,-1,-1
326,22,25.30,91.80,102.40,266.10,0.9990,-1,-1,-1
326,27,386.30,1.00,254.70,480.00,0.9910,-1,-1,-1
326,29,268.50,158.30,51.60,152.70,0.9990,-1,-1,-1
327,6,317.00,99.40,113.40,310.70,0.9950,-1,-1,-1
327,18,154.90,79.50,102.50,339.40,1.0000,-1,-1,-1
327,22,11.40,88.80,107.10,286.10,1.0000,-1,-1,-1
327,27,380.80,1.00,260.20,480.00,0.9350,-1,-1,-1
327,29,273.90,161.00,51.00,148.20,0.9970,-1,-1,-1
327,-1,124.00,131.70,57.20,184.50,0.2350,-1,-1,-1
328,6,314.20,108.00,110.80,299.70,0.9990,-1,-1,-1
328,18,154.80,79.30,103.70,345.20,1.0000,-1,-1,-1
328,22,3.30,82.70,107.60,304.90,1.0000,-1,-1,-1
328,27,397.20,1.00,243.80,480.00,0.9680,-1,-1,-1
328,29,276.60,159.40,49.20,147.50,0.9930,-1,-1,-1
328,-1,116.10,123.20,66.30,198.90,0.9880,-1,-1,-1
329,6,316.40,106.90,107.10,297.90,0.9990,-1,-1,-1
329,18,157.20,81.70,106.40,344.60,1.0000,-1,-1,-1
329,22,1.00,73.50,98.60,324.00,1.0000,-1,-1,-1
329,27,391.70,2.60,249.30,478.40,0.8990,-1,-1,-1
329,28,93.00,193.70,24.10,59.70,0.9990,-1,-1,-1
329,29,282.70,159.20,47.20,149.70,0.9860,-1,-1,-1
329,31,114.60,124.20,68.00,201.20,0.9990,-1,-1,-1
330,6,317.00,111.80,106.10,292.50,0.9990,-1,-1,-1
330,18,156.40,88.60,111.90,343.90,1.0000,-1,-1,-1
330,22,1.00,56.90,80.50,353.10,0.9930,-1,-1,-1
330,27,399.40,1.00,241.60,480.00,0.8810,-1,-1,-1
330,28,92.40,195.00,26.00,62.50,0.9970,-1,-1,-1
330,29,284.00,165.30,53.40,147.00,0.9930,-1,-1,-1
330,31,109.00,123.70,68.70,204.70,1.0000,-1,-1,-1
331,6,319.70,108.30,110.00,290.40,0.9990,-1,-1,-1
331,18,164.20,83.20,110.70,346.90,1.0000,-1,-1,-1
331,29,293.30,166.40,48.20,149.30,0.7750,-1,-1,-1
331,31,104.10,116.30,76.30,221.20,1.0000,-1,-1,-1
331,22,6.60,123.20,65.90,170.80,0.2130,-1,-1,-1
331,27,421.40,1.00,219.60,480.00,0.0790,-1,-1,-1
332,6,323.00,103.40,110.90,296.20,0.9990,-1,-1,-1
332,18,176.60,87.40,103.00,324.90,1.0000,-1,-1,-1
332,31,102.60,107.10,81.80,225.00,1.0000,-1,-1,-1
332,22,31.30,156.40,38.40,104.10,0.4100,-1,-1,-1
333,6,325.30,106.00,112.80,293.10,0.9980,-1,-1,-1
333,18,180.60,81.50,105.90,319.80,1.0000,-1,-1,-1
333,31,96.80,98.90,84.70,235.40,1.0000,-1,-1,-1
333,22,32.80,155.00,38.80,104.70,0.5540,-1,-1,-1
333,27,410.20,15.40,230.80,465.60,0.5250,-1,-1,-1
333,-1,264.60,148.50,42.60,157.40,0.4930,-1,-1,-1
334,6,326.50,106.50,112.80,291.70,0.9960,-1,-1,-1
334,18,184.70,88.80,101.20,312.90,1.0000,-1,-1,-1
334,22,21.60,164.30,49.50,98.30,0.9990,-1,-1,-1
334,29,266.90,151.70,50.60,145.70,0.9250,-1,-1,-1
334,30,1.60,163.60,29.40,109.80,0.9980,-1,-1,-1
334,31,92.50,91.30,89.40,248.80,1.0000,-1,-1,-1
334,27,409.20,21.30,231.80,459.70,0.0690,-1,-1,-1
335,6,334.80,107.90,110.80,292.40,0.9990,-1,-1,-1
335,18,193.60,82.30,97.70,318.80,1.0000,-1,-1,-1
335,22,28.00,166.30,47.70,96.50,0.9980,-1,-1,-1
335,29,276.90,154.90,45.00,140.10,0.9900,-1,-1,-1
335,31,82.60,88.00,99.40,265.50,1.0000,-1,-1,-1
335,30,3.00,173.30,27.70,102.60,0.1500,-1,-1,-1
336,6,337.90,108.70,107.10,288.00,1.0000,-1,-1,-1
336,18,197.00,80.40,98.80,318.20,1.0000,-1,-1,-1
336,22,33.80,165.30,44.50,91.80,0.9980,-1,-1,-1
336,29,278.80,152.60,46.40,148.60,0.9970,-1,-1,-1
336,30,1.00,157.70,34.80,120.10,0.9810,-1,-1,-1
336,31,72.80,77.20,107.70,291.10,1.0000,-1,-1,-1
336,-1,169.60,191.90,25.50,50.20,0.9980,-1,-1,-1
337,6,343.80,104.60,107.30,294.10,1.0000,-1,-1,-1
337,18,201.60,90.20,100.10,316.30,1.0000,-1,-1,-1
337,29,284.20,154.20,47.40,140.00,0.9800,-1,-1,-1
337,30,1.00,160.50,34.10,123.70,0.9980,-1,-1,-1
337,31,67.10,71.20,113.70,293.30,1.0000,-1,-1,-1
337,32,176.00,193.20,25.00,51.30,0.9970,-1,-1,-1
337,22,47.70,166.20,30.80,90.70,0.1620,-1,-1,-1
338,6,345.70,101.60,108.80,295.40,1.0000,-1,-1,-1
338,18,200.40,89.50,107.80,315.50,1.0000,-1,-1,-1
338,29,288.30,151.00,44.90,139.70,0.9850,-1,-1,-1
338,31,52.20,58.30,122.60,310.00,1.0000,-1,-1,-1
338,32,178.90,191.90,24.30,49.90,0.9990,-1,-1,-1
338,30,4.20,159.00,21.00,124.60,0.1420,-1,-1,-1
339,6,343.70,94.70,110.50,301.20,1.0000,-1,-1,-1
339,18,206.40,87.90,103.90,312.90,1.0000,-1,-1,-1
339,29,290.80,149.60,43.10,138.30,0.9680,-1,-1,-1
339,31,40.10,44.00,122.10,332.80,1.0000,-1,-1,-1
339,32,181.50,192.30,22.10,48.50,0.9980,-1,-1,-1
340,6,344.80,98.90,115.70,294.90,1.0000,-1,-1,-1
340,18,200.20,81.00,113.80,316.20,1.0000,-1,-1,-1
340,29,292.30,152.60,44.40,134.70,0.9920,-1,-1,-1
340,31,23.60,34.80,128.70,350.00,1.0000,-1,-1,-1
341,6,346.40,96.40,115.50,302.70,0.9990,-1,-1,-1
341,18,192.90,77.60,119.70,317.40,1.0000,-1,-1,-1
341,29,294.70,152.30,42.50,128.40,0.9960,-1,-1,-1
341,31,5.70,25.30,136.70,371.40,1.0000,-1,-1,-1
341,32,184.80,179.00,37.90,101.30,0.0540,-1,-1,-1
341,-1,129.20,177.90,31.10,76.20,1.0000,-1,-1,-1
342,6,352.60,97.70,109.50,301.10,0.9990,-1,-1,-1
342,18,193.90,68.50,128.70,321.20,1.0000,-1,-1,-1
342,29,300.60,150.30,40.70,131.50,0.9780,-1,-1,-1
342,31,1.00,14.20,118.70,393.00,1.0000,-1,-1,-1
342,33,128.90,178.20,32.20,74.40,1.0000,-1,-1,-1
342,-1,104.90,172.40,24.10,84.20,0.8940,-1,-1,-1
343,6,353.60,93.80,111.00,304.10,0.9990,-1,-1,-1
343,18,190.40,75.70,131.30,316.60,1.0000,-1,-1,-1
343,31,1.00,3.00,109.00,414.70,0.9990,-1,-1,-1
343,33,126.30,171.20,32.10,78.90,1.0000,-1,-1,-1
343,34,101.00,168.60,26.50,83.40,0.8760,-1,-1,-1
343,29,301.60,144.70,35.90,131.60,0.1610,-1,-1,-1
344,6,353.20,85.10,116.10,302.90,1.0000,-1,-1,-1
344,18,191.30,71.60,133.00,316.00,1.0000,-1,-1,-1
344,31,1.00,5.20,83.60,389.80,0.9610,-1,-1,-1
344,33,123.80,164.50,30.70,76.80,0.9990,-1,-1,-1
344,34,80.20,154.90,39.40,93.70,1.0000,-1,-1,-1
344,28,52.90,144.00,32.40,112.40,0.0830,-1,-1,-1
344,32,168.90,161.90,33.70,108.90,0.0850,-1,-1,-1
345,6,357.40,89.60,113.90,293.90,1.0000,-1,-1,-1
345,18,200.10,79.30,124.30,311.90,1.0000,-1,-1,-1
345,28,54.80,152.20,41.40,102.60,0.9990,-1,-1,-1
345,32,155.20,150.70,53.90,128.60,0.9990,-1,-1,-1
345,33,122.80,166.80,31.20,81.70,0.9990,-1,-1,-1
345,34,85.80,161.90,38.00,90.60,0.9980,-1,-1,-1
346,6,358.80,89.20,113.90,304.50,0.9990,-1,-1,-1
346,18,208.70,84.40,118.40,306.90,1.0000,-1,-1,-1
346,28,57.20,160.40,40.10,100.20,1.0000,-1,-1,-1
346,32,148.50,157.40,53.10,127.90,1.0000,-1,-1,-1
346,33,125.20,174.00,28.80,78.00,0.9980,-1,-1,-1
346,34,90.10,166.60,38.10,93.70,1.0000,-1,-1,-1
346,29,302.60,143.80,38.60,141.00,0.1300,-1,-1,-1
347,6,357.40,87.10,112.40,307.10,1.0000,-1,-1,-1
347,18,215.50,85.70,112.80,303.60,1.0000,-1,-1,-1
347,28,54.40,160.20,43.70,103.70,1.0000,-1,-1,-1
347,32,139.30,157.20,58.80,129.60,1.0000,-1,-1,-1
347,33,124.10,174.30,23.70,79.00,0.9010,-1,-1,-1
347,34,91.90,165.70,35.30,96.10,0.9990,-1,-1,-1
347,29,304.00,149.20,38.70,134.20,0.0810,-1,-1,-1
347,-1,346.30,184.40,14.70,62.40,0.1060,-1,-1,-1
347,-1,205.90,158.60,31.00,119.60,0.1010,-1,-1,-1
348,6,355.00,90.00,111.10,305.50,1.0000,-1,-1,-1
348,18,217.30,84.20,103.50,298.20,1.0000,-1,-1,-1
348,28,53.90,154.80,39.90,107.60,1.0000,-1,-1,-1
348,32,133.00,154.60,55.50,129.20,1.0000,-1,-1,-1
348,34,90.50,164.60,35.60,95.80,0.9990,-1,-1,-1
348,29,303.60,151.20,31.10,117.30,0.2450,-1,-1,-1
348,-1,189.80,153.30,48.90,126.90,0.9990,-1,-1,-1
349,6,352.10,98.60,110.10,298.30,1.0000,-1,-1,-1
349,18,219.30,88.40,96.60,297.70,1.0000,-1,-1,-1
349,28,48.50,156.60,44.30,109.50,1.0000,-1,-1,-1
349,32,124.00,158.20,57.20,128.20,0.9990,-1,-1,-1
349,34,89.00,169.60,35.60,90.50,0.9910,-1,-1,-1
349,35,184.50,156.80,46.80,129.80,0.9980,-1,-1,-1
349,-1,333.30,181.30,15.30,64.00,0.0890,-1,-1,-1
350,6,347.10,99.50,108.80,299.00,1.0000,-1,-1,-1
350,18,218.40,80.00,98.50,304.80,1.0000,-1,-1,-1
350,28,50.00,156.00,41.70,110.60,1.0000,-1,-1,-1
350,29,328.90,184.60,20.60,61.60,0.9640,-1,-1,-1
350,32,115.50,155.70,55.50,133.40,1.0000,-1,-1,-1
350,34,86.60,168.10,31.90,95.10,0.9930,-1,-1,-1
350,35,180.70,153.90,46.80,136.50,0.9990,-1,-1,-1
351,6,347.60,99.60,107.30,292.60,0.9990,-1,-1,-1
351,18,219.60,80.40,99.10,304.30,1.0000,-1,-1,-1
351,28,48.00,154.20,47.40,113.20,1.0000,-1,-1,-1
351,29,328.60,181.50,20.80,66.80,0.9730,-1,-1,-1
351,32,107.80,150.30,54.20,136.40,1.0000,-1,-1,-1
351,35,177.00,151.20,48.90,138.70,1.0000,-1,-1,-1
351,34,86.60,164.50,23.20,99.20,0.2570,-1,-1,-1
352,6,344.60,96.90,108.80,293.40,1.0000,-1,-1,-1
352,18,214.10,86.60,103.10,299.60,1.0000,-1,-1,-1
352,28,45.50,157.40,46.50,109.30,1.0000,-1,-1,-1
352,29,325.60,184.30,18.70,61.00,0.9970,-1,-1,-1
352,32,94.00,150.60,52.60,136.80,1.0000,-1,-1,-1
352,35,165.20,146.80,54.00,146.40,1.0000,-1,-1,-1
353,6,342.50,95.00,104.50,293.50,1.0000,-1,-1,-1
353,18,211.60,84.10,105.20,301.70,1.0000,-1,-1,-1
353,28,42.00,152.30,47.80,112.50,0.9990,-1,-1,-1
353,29,322.60,182.10,19.70,64.80,0.9960,-1,-1,-1
353,32,82.70,148.80,57.50,139.00,1.0000,-1,-1,-1
353,35,159.50,144.80,54.70,146.80,1.0000,-1,-1,-1
354,6,343.30,91.90,99.10,293.00,1.0000,-1,-1,-1
354,18,208.00,82.20,108.80,300.80,1.0000,-1,-1,-1
354,29,320.00,182.60,21.60,64.50,0.9990,-1,-1,-1
354,32,69.70,151.10,55.30,139.00,1.0000,-1,-1,-1
354,35,150.30,141.80,58.10,150.80,1.0000,-1,-1,-1
354,28,43.90,152.30,42.20,112.10,0.3120,-1,-1,-1
355,6,340.10,95.70,101.70,293.80,1.0000,-1,-1,-1
355,18,214.80,87.90,104.00,295.50,1.0000,-1,-1,-1
355,29,319.20,182.60,21.80,63.60,1.0000,-1,-1,-1
355,32,66.90,152.00,53.70,140.70,1.0000,-1,-1,-1
355,35,150.20,138.50,54.80,155.90,1.0000,-1,-1,-1
356,6,340.00,97.70,102.60,294.50,1.0000,-1,-1,-1
356,18,208.70,84.50,109.80,283.10,1.0000,-1,-1,-1
356,29,317.00,182.00,22.80,63.80,1.0000,-1,-1,-1
356,32,62.40,151.50,48.40,142.70,1.0000,-1,-1,-1
356,35,145.60,135.20,58.80,166.30,1.0000,-1,-1,-1
356,27,471.50,21.00,167.70,460.00,0.0530,-1,-1,-1
356,33,93.70,166.60,33.00,100.00,0.0700,-1,-1,-1
357,6,342.90,104.50,94.90,293.20,0.9990,-1,-1,-1
357,18,204.80,88.60,119.70,285.10,1.0000,-1,-1,-1
357,29,315.60,183.50,24.60,63.60,1.0000,-1,-1,-1
357,32,49.70,150.40,48.70,139.60,0.9990,-1,-1,-1
357,33,87.70,165.50,38.20,105.20,0.9950,-1,-1,-1
357,35,141.20,139.10,57.70,167.40,1.0000,-1,-1,-1
357,27,454.30,43.80,144.90,424.00,0.1610,-1,-1,-1
358,6,339.80,98.80,100.00,301.00,0.9990,-1,-1,-1
358,18,205.10,88.30,115.70,287.20,1.0000,-1,-1,-1
358,29,313.80,182.20,25.60,67.00,1.0000,-1,-1,-1
358,32,47.30,148.50,44.20,143.00,1.0000,-1,-1,-1
358,33,89.50,168.40,35.40,99.30,0.9900,-1,-1,-1
358,35,135.80,137.00,59.10,173.70,1.0000,-1,-1,-1
358,27,447.80,40.80,131.20,440.20,0.4030,-1,-1,-1
359,6,340.40,101.50,107.10,295.80,0.9940,-1,-1,-1
359,18,208.60,90.50,112.30,287.90,1.0000,-1,-1,-1
359,27,429.50,34.00,149.50,431.10,0.8120,-1,-1,-1
359,29,316.20,184.90,24.70,66.10,0.9990,-1,-1,-1
359,32,39.90,153.70,47.50,140.80,1.0000,-1,-1,-1
359,33,93.40,167.30,36.80,99.20,0.9930,-1,-1,-1
359,35,131.50,134.40,63.30,181.90,1.0000,-1,-1,-1
360,6,349.80,104.50,98.60,296.00,0.7680,-1,-1,-1
360,18,214.70,101.80,115.20,278.60,1.0000,-1,-1,-1
360,27,415.30,29.40,168.70,451.60,0.9290,-1,-1,-1
360,29,326.60,187.60,21.00,66.80,0.9970,-1,-1,-1
360,32,33.70,164.20,50.90,137.00,0.9990,-1,-1,-1
360,33,102.10,167.70,34.00,102.60,0.7680,-1,-1,-1
360,35,134.10,131.50,60.20,186.80,1.0000,-1,-1,-1
360,-1,74.80,169.50,30.10,109.70,0.0820,-1,-1,-1
360,-1,191.40,194.20,19.10,52.30,0.9950,-1,-1,-1
361,18,219.00,103.00,110.00,274.30,1.0000,-1,-1,-1
361,27,414.20,23.30,161.00,457.70,0.7620,-1,-1,-1
361,29,324.00,186.60,22.30,65.90,0.9990,-1,-1,-1
361,32,31.00,165.30,51.80,136.30,0.9970,-1,-1,-1
361,33,71.00,160.40,40.60,116.00,0.9940,-1,-1,-1
361,35,131.30,130.50,62.50,188.40,1.0000,-1,-1,-1
361,36,192.40,194.20,23.00,53.10,1.0000,-1,-1,-1
361,6,357.30,99.30,95.50,296.80,0.2720,-1,-1,-1
362,18,223.30,99.80,112.00,272.10,1.0000,-1,-1,-1
362,27,375.80,30.20,173.00,441.50,0.9940,-1,-1,-1
362,29,326.00,187.30,21.20,64.90,1.0000,-1,-1,-1
362,32,23.50,157.60,57.30,140.40,1.0000,-1,-1,-1
362,33,72.00,155.50,36.00,124.50,0.6900,-1,-1,-1
362,35,120.50,122.70,70.40,209.30,1.0000,-1,-1,-1
363,18,224.50,102.00,111.70,268.40,1.0000,-1,-1,-1
363,27,368.00,29.10,182.70,436.20,0.9980,-1,-1,-1
363,29,325.60,188.10,22.60,65.40,0.9990,-1,-1,-1
363,32,17.60,156.70,54.40,141.80,1.0000,-1,-1,-1
363,33,61.80,164.70,36.60,112.50,0.9860,-1,-1,-1
363,35,116.50,122.40,73.20,209.40,1.0000,-1,-1,-1
363,-1,205.00,127.90,66.60,204.50,0.3380,-1,-1,-1
364,18,232.40,101.00,101.50,272.30,1.0000,-1,-1,-1
364,27,368.00,27.00,171.90,448.60,0.9980,-1,-1,-1
364,29,326.50,188.00,24.40,67.20,0.9980,-1,-1,-1
364,32,14.50,157.40,49.70,145.90,0.9990,-1,-1,-1
364,33,56.80,167.80,43.30,107.70,0.9910,-1,-1,-1
364,35,105.40,120.50,82.30,217.20,1.0000,-1,-1,-1
364,-1,200.00,121.90,65.80,220.50,0.8280,-1,-1,-1
365,18,239.70,113.30,94.30,253.90,1.0000,-1,-1,-1
365,27,358.50,33.60,172.80,444.20,0.9980,-1,-1,-1
365,29,327.00,185.20,22.40,73.10,0.9090,-1,-1,-1
365,32,6.80,160.20,48.60,145.70,1.0000,-1,-1,-1
365,33,55.00,172.60,41.80,107.00,0.9970,-1,-1,-1
365,35,100.10,118.30,83.80,225.30,1.0000,-1,-1,-1
365,37,194.90,119.10,67.10,229.10,0.9940,-1,-1,-1
366,18,237.70,108.70,97.00,264.10,1.0000,-1,-1,-1
366,27,343.30,29.10,177.30,451.90,0.9990,-1,-1,-1
366,29,326.50,186.20,22.00,74.30,0.9630,-1,-1,-1
366,32,3.10,158.20,44.50,144.80,0.9990,-1,-1,-1
366,33,53.60,171.00,40.90,102.20,0.9870,-1,-1,-1
366,35,87.00,115.20,90.20,228.20,1.0000,-1,-1,-1
366,37,186.20,114.60,75.50,238.90,0.9990,-1,-1,-1
367,18,239.50,126.90,93.70,237.90,1.0000,-1,-1,-1
367,27,340.20,39.10,184.80,434.50,0.9990,-1,-1,-1
367,32,2.20,160.70,31.80,142.60,0.9990,-1,-1,-1
367,33,46.80,170.40,38.80,102.40,0.9930,-1,-1,-1
367,35,72.90,104.70,87.80,244.80,1.0000,-1,-1,-1
367,37,166.90,114.60,82.80,245.30,1.0000,-1,-1,-1
368,18,245.30,112.10,84.20,258.90,1.0000,-1,-1,-1
368,27,339.80,27.90,195.60,443.20,0.9980,-1,-1,-1
368,32,5.30,167.60,38.00,115.80,1.0000,-1,-1,-1
368,35,56.00,101.10,96.80,249.90,1.0000,-1,-1,-1
368,37,158.50,116.40,87.80,253.50,1.0000,-1,-1,-1
369,18,247.30,113.30,79.30,256.10,1.0000,-1,-1,-1
369,27,328.10,21.90,198.80,452.80,0.9990,-1,-1,-1
369,32,1.00,174.50,33.60,110.50,1.0000,-1,-1,-1
369,35,45.00,97.10,95.50,276.90,1.0000,-1,-1,-1
369,37,144.50,106.70,91.40,267.60,1.0000,-1,-1,-1
370,18,247.20,113.80,77.00,249.40,1.0000,-1,-1,-1
370,27,332.70,18.50,181.60,462.50,0.9990,-1,-1,-1
370,32,1.00,195.90,22.80,89.80,0.9980,-1,-1,-1
370,35,27.40,96.90,97.10,281.10,1.0000,-1,-1,-1
370,36,213.10,186.10,32.30,87.30,0.9960,-1,-1,-1
370,37,129.60,98.00,95.70,291.50,1.0000,-1,-1,-1
371,18,238.60,118.90,84.30,242.10,1.0000,-1,-1,-1
371,27,315.00,31.50,200.70,449.50,1.0000,-1,-1,-1
371,35,8.00,92.70,101.90,300.20,1.0000,-1,-1,-1
371,36,202.00,189.40,36.30,91.70,0.9990,-1,-1,-1
371,37,108.80,91.20,101.20,315.10,1.0000,-1,-1,-1
371,-1,458.80,34.90,99.20,420.20,0.0780,-1,-1,-1
372,18,236.50,121.40,82.60,239.20,1.0000,-1,-1,-1
372,27,310.90,35.80,195.50,445.20,1.0000,-1,-1,-1
372,35,2.00,84.30,95.60,327.70,1.0000,-1,-1,-1
372,36,197.10,194.40,36.60,86.90,1.0000,-1,-1,-1
372,37,94.10,82.90,108.40,333.70,1.0000,-1,-1,-1
372,6,439.50,54.60,92.60,394.50,0.4370,-1,-1,-1
373,18,235.90,125.80,82.60,239.90,1.0000,-1,-1,-1
373,27,311.00,44.20,196.00,436.80,0.9990,-1,-1,-1
373,35,1.00,70.20,71.30,350.80,0.9700,-1,-1,-1
373,36,190.40,192.60,38.50,93.10,1.0000,-1,-1,-1
373,37,58.50,74.20,129.80,358.00,0.9990,-1,-1,-1
373,6,442.00,50.50,112.30,411.40,0.0660,-1,-1,-1
374,18,234.60,127.00,82.50,236.00,1.0000,-1,-1,-1
374,27,298.90,42.70,207.20,430.40,1.0000,-1,-1,-1
374,36,186.80,189.90,38.50,94.30,1.0000,-1,-1,-1
374,37,36.20,65.30,137.20,369.30,1.0000,-1,-1,-1
374,6,429.70,57.10,111.90,397.20,0.5800,-1,-1,-1
374,35,3.60,80.70,52.60,320.40,0.5830,-1,-1,-1
374,-1,164.30,198.20,21.90,75.80,0.1250,-1,-1,-1
375,6,426.40,47.10,113.60,403.00,0.9610,-1,-1,-1
375,18,231.20,119.20,81.80,241.40,0.9990,-1,-1,-1
375,27,291.40,34.90,209.40,418.30,1.0000,-1,-1,-1
375,36,181.10,179.50,38.50,97.20,1.0000,-1,-1,-1
375,37,9.30,44.70,156.00,397.50,1.0000,-1,-1,-1
375,-1,140.70,171.60,34.60,102.50,0.8550,-1,-1,-1
376,6,423.10,44.80,113.90,416.60,0.9730,-1,-1,-1
376,18,229.70,120.80,77.50,239.90,0.9990,-1,-1,-1
376,27,288.20,52.10,210.40,400.30,0.9990,-1,-1,-1
376,36,176.50,183.20,38.30,98.40,1.0000,-1,-1,-1
376,37,3.20,36.30,130.40,431.90,0.9990,-1,-1,-1
376,38,125.70,171.60,38.40,101.80,1.0000,-1,-1,-1
377,6,422.50,38.30,106.20,440.00,0.9680,-1,-1,-1
377,18,227.00,125.70,81.30,234.30,0.9990,-1,-1,-1
377,27,280.60,52.30,214.20,414.80,1.0000,-1,-1,-1
377,36,172.00,186.60,38.50,98.70,1.0000,-1,-1,-1
377,37,1.00,21.40,114.00,458.90,1.0000,-1,-1,-1
377,38,121.00,176.40,40.50,99.50,1.0000,-1,-1,-1
378,18,223.30,118.40,76.40,238.30,0.9980,-1,-1,-1
378,27,276.40,36.70,230.60,422.20,0.9990,-1,-1,-1
378,36,166.00,182.10,39.40,100.00,1.0000,-1,-1,-1
378,38,113.20,172.60,40.70,102.00,1.0000,-1,-1,-1
378,-1,65.40,165.10,38.50,116.30,0.2220,-1,-1,-1
379,6,414.90,47.70,115.90,401.00,0.8680,-1,-1,-1
379,18,225.40,117.70,77.30,237.90,0.9990,-1,-1,-1
379,27,279.90,43.70,211.70,410.60,0.9990,-1,-1,-1
379,28,20.90,116.90,51.70,207.00,0.8230,-1,-1,-1
379,36,165.50,183.30,38.80,100.10,1.0000,-1,-1,-1
379,38,107.80,175.50,43.00,99.30,0.9990,-1,-1,-1
379,-1,216.30,198.80,23.00,69.50,0.1850,-1,-1,-1
379,-1,64.30,160.70,40.30,128.30,0.9980,-1,-1,-1
380,18,228.70,118.20,74.40,239.40,0.9980,-1,-1,-1
380,27,279.40,50.90,221.70,406.10,1.0000,-1,-1,-1
380,28,26.10,144.50,49.30,155.80,1.0000,-1,-1,-1
380,36,163.10,179.60,39.20,105.50,1.0000,-1,-1,-1
380,38,104.20,172.80,40.90,104.70,1.0000,-1,-1,-1
380,39,61.90,159.20,39.80,130.30,0.9970,-1,-1,-1
380,6,421.80,30.30,116.60,415.70,0.2070,-1,-1,-1
380,-1,215.50,193.80,23.70,75.40,0.4370,-1,-1,-1
381,6,417.10,31.20,131.80,425.30,0.9540,-1,-1,-1
381,18,225.90,119.20,75.90,233.20,0.9980,-1,-1,-1
381,27,279.30,43.50,210.10,389.30,0.9990,-1,-1,-1
381,28,20.60,141.20,49.20,153.50,0.9990,-1,-1,-1
381,36,156.80,175.20,39.60,106.00,1.0000,-1,-1,-1
381,38,95.80,161.70,42.70,114.70,1.0000,-1,-1,-1
381,39,57.30,154.10,42.70,131.20,0.9990,-1,-1,-1
381,-1,208.10,182.70,27.80,83.70,0.9950,-1,-1,-1
382,6,416.20,21.80,128.40,433.80,0.9900,-1,-1,-1
382,18,225.60,125.20,78.80,230.20,0.9980,-1,-1,-1
382,27,273.90,53.70,221.20,381.20,0.9990,-1,-1,-1
382,28,18.90,146.30,50.40,148.00,0.9980,-1,-1,-1
382,36,157.00,178.10,37.20,108.90,1.0000,-1,-1,-1
382,38,89.00,165.50,41.40,116.30,1.0000,-1,-1,-1
382,39,54.30,157.50,41.40,133.10,0.9990,-1,-1,-1
382,40,205.60,185.90,29.30,86.00,0.9950,-1,-1,-1
383,6,415.40,29.30,127.80,423.40,0.9810,-1,-1,-1
383,18,228.80,130.40,81.00,224.10,0.9950,-1,-1,-1
383,27,276.10,51.70,205.20,390.40,0.9990,-1,-1,-1
383,28,18.60,147.90,51.50,151.50,0.9990,-1,-1,-1
383,36,157.90,179.10,36.50,110.60,1.0000,-1,-1,-1
383,38,86.90,161.90,40.40,119.60,1.0000,-1,-1,-1
383,39,55.70,157.70,37.80,132.30,0.9970,-1,-1,-1
383,40,204.60,185.80,31.10,86.00,0.9990,-1,-1,-1
384,6,421.80,21.60,117.60,427.90,0.6820,-1,-1,-1
384,18,230.30,131.00,78.40,223.60,0.9490,-1,-1,-1
384,27,276.40,54.40,220.10,384.70,0.9990,-1,-1,-1
384,28,17.30,145.20,51.60,156.80,1.0000,-1,-1,-1
384,36,157.00,179.40,37.60,111.20,1.0000,-1,-1,-1
384,38,84.70,158.70,43.20,125.20,0.9990,-1,-1,-1
384,39,56.20,157.20,40.10,137.50,0.9930,-1,-1,-1
384,40,200.80,188.70,33.80,87.30,0.9990,-1,-1,-1
385,18,235.90,131.90,78.50,216.10,0.9870,-1,-1,-1
385,27,270.90,55.20,223.70,403.60,0.9990,-1,-1,-1
385,28,22.00,147.50,51.00,156.40,1.0000,-1,-1,-1
385,36,159.50,182.20,41.30,112.50,1.0000,-1,-1,-1
385,38,84.40,163.90,43.30,123.20,0.9990,-1,-1,-1
385,39,59.60,160.70,39.40,134.80,0.9970,-1,-1,-1
385,40,205.70,190.60,30.70,87.70,0.9990,-1,-1,-1
385,6,430.40,32.10,108.40,426.20,0.4710,-1,-1,-1
386,18,235.00,125.50,90.80,221.40,0.9990,-1,-1,-1
386,27,288.00,39.70,217.30,424.10,1.0000,-1,-1,-1
386,28,25.60,144.10,49.20,156.80,0.9990,-1,-1,-1
386,36,161.90,178.90,41.00,114.70,1.0000,-1,-1,-1
386,38,82.60,166.90,42.00,119.80,0.9460,-1,-1,-1
386,39,64.50,156.70,36.90,136.70,0.9870,-1,-1,-1
386,40,209.40,185.90,30.60,88.50,0.9990,-1,-1,-1
386,6,441.70,10.30,99.50,470.70,0.4810,-1,-1,-1
387,6,444.90,31.60,129.50,444.00,0.7220,-1,-1,-1
387,18,239.50,126.40,89.30,222.30,1.0000,-1,-1,-1
387,27,300.70,35.30,219.20,440.30,0.9990,-1,-1,-1
387,28,32.40,143.20,48.50,159.50,1.0000,-1,-1,-1
387,36,166.00,178.10,41.40,117.30,1.0000,-1,-1,-1
387,39,68.40,159.70,40.80,132.00,0.9910,-1,-1,-1
387,40,212.80,183.60,32.00,94.40,0.9990,-1,-1,-1
388,18,242.80,130.30,94.60,217.70,1.0000,-1,-1,-1
388,27,312.90,45.30,260.70,430.40,0.9950,-1,-1,-1
388,28,37.50,142.40,50.20,159.20,0.9990,-1,-1,-1
388,36,173.20,176.00,41.40,119.60,1.0000,-1,-1,-1
388,39,72.40,158.10,41.40,135.50,0.9950,-1,-1,-1
388,40,217.40,185.10,30.80,92.90,0.9980,-1,-1,-1
389,6,455.20,42.50,128.10,432.20,0.9930,-1,-1,-1
389,18,252.40,129.80,86.90,219.30,1.0000,-1,-1,-1
389,27,328.60,38.20,193.90,440.20,0.9740,-1,-1,-1
389,28,44.60,141.40,48.70,163.00,0.9980,-1,-1,-1
389,36,174.60,174.00,46.30,120.70,1.0000,-1,-1,-1
389,39,76.40,156.00,49.60,137.50,0.9940,-1,-1,-1
389,40,220.20,184.30,32.40,92.80,0.9990,-1,-1,-1
390,6,471.00,37.60,125.90,426.90,0.9990,-1,-1,-1
390,18,267.60,133.30,78.60,216.30,1.0000,-1,-1,-1
390,27,334.50,50.60,205.40,407.80,0.9760,-1,-1,-1
390,28,57.00,145.30,43.10,155.90,0.9970,-1,-1,-1
390,36,182.20,175.40,50.80,123.90,1.0000,-1,-1,-1
390,39,84.20,158.90,47.70,136.10,0.9990,-1,-1,-1
390,40,230.60,185.60,33.00,95.10,0.9980,-1,-1,-1
391,6,478.10,40.40,131.20,419.60,0.9960,-1,-1,-1
391,18,275.50,137.70,78.40,217.10,1.0000,-1,-1,-1
391,27,354.90,37.90,178.50,418.20,0.9890,-1,-1,-1
391,28,62.10,146.50,43.10,159.10,0.9940,-1,-1,-1
391,36,184.70,176.00,51.00,129.40,1.0000,-1,-1,-1
391,39,92.40,158.40,43.30,141.00,0.9950,-1,-1,-1
391,40,236.50,186.60,32.70,98.80,0.9990,-1,-1,-1
391,-1,264.50,194.60,22.30,88.50,0.5250,-1,-1,-1
392,6,492.80,40.20,129.90,426.30,0.9950,-1,-1,-1
392,18,282.40,134.70,77.50,217.50,1.0000,-1,-1,-1
392,27,362.80,39.60,199.10,416.80,0.9870,-1,-1,-1
392,28,64.80,145.70,47.60,161.40,0.9970,-1,-1,-1
392,36,185.30,174.80,52.00,129.70,1.0000,-1,-1,-1
392,39,92.30,156.40,45.40,140.90,0.9390,-1,-1,-1
392,40,237.50,181.40,34.30,100.90,0.9970,-1,-1,-1
392,-1,265.00,189.10,26.00,91.20,0.9960,-1,-1,-1
393,6,500.20,33.60,128.10,435.30,0.9890,-1,-1,-1
393,18,287.00,134.10,75.20,214.80,1.0000,-1,-1,-1
393,27,362.40,40.80,214.60,422.40,0.9930,-1,-1,-1
393,28,66.50,143.70,53.40,167.20,1.0000,-1,-1,-1
393,36,184.30,173.70,53.90,131.80,1.0000,-1,-1,-1
393,40,238.90,181.50,34.60,102.80,0.9980,-1,-1,-1
393,41,265.00,190.10,27.80,92.00,0.9970,-1,-1,-1
394,18,292.40,132.70,72.00,215.90,1.0000,-1,-1,-1
394,27,352.40,36.60,250.10,444.40,0.9970,-1,-1,-1
394,28,65.00,144.10,56.90,168.30,0.9990,-1,-1,-1
394,36,182.60,171.10,55.80,137.30,1.0000,-1,-1,-1
394,40,240.50,180.30,34.90,105.10,0.9930,-1,-1,-1
394,41,266.70,193.10,30.40,90.20,0.9970,-1,-1,-1
394,6,511.50,24.70,129.30,426.60,0.5160,-1,-1,-1
395,18,295.80,129.80,73.10,217.70,1.0000,-1,-1,-1
395,27,386.70,35.80,240.80,442.30,0.9950,-1,-1,-1
395,28,63.90,137.80,54.90,170.90,1.0000,-1,-1,-1
395,36,182.20,164.20,54.90,145.20,1.0000,-1,-1,-1
395,39,95.90,152.40,43.80,145.30,0.8920,-1,-1,-1
395,40,237.50,177.20,38.90,105.80,0.9990,-1,-1,-1
395,41,268.00,191.20,30.70,93.90,0.9970,-1,-1,-1
396,18,299.80,133.00,74.40,214.70,1.0000,-1,-1,-1
396,27,381.40,24.20,228.10,452.00,0.9980,-1,-1,-1
396,28,60.20,139.70,56.40,171.00,0.9990,-1,-1,-1
396,36,181.30,163.30,53.80,149.90,1.0000,-1,-1,-1
396,39,91.00,152.60,48.00,152.20,0.9450,-1,-1,-1
396,40,238.90,180.10,36.70,105.30,0.9980,-1,-1,-1
396,41,269.10,195.10,29.30,91.40,0.9980,-1,-1,-1
397,18,305.10,134.30,72.50,215.00,1.0000,-1,-1,-1
397,27,381.10,31.90,217.10,449.10,0.9990,-1,-1,-1
397,28,55.10,133.60,57.00,178.00,1.0000,-1,-1,-1
397,36,177.40,160.90,57.50,154.80,1.0000,-1,-1,-1
397,39,94.70,150.60,46.80,148.00,0.9950,-1,-1,-1
397,40,234.30,175.40,39.90,113.00,0.9980,-1,-1,-1
397,41,265.80,189.80,32.30,96.80,0.9980,-1,-1,-1
397,6,519.10,37.30,121.90,427.40,0.0630,-1,-1,-1
397,-1,293.00,184.30,21.90,90.70,0.0700,-1,-1,-1
398,18,308.80,132.30,74.00,215.20,1.0000,-1,-1,-1
398,27,380.80,23.90,223.10,455.00,0.9990,-1,-1,-1
398,28,52.60,131.10,55.20,184.30,1.0000,-1,-1,-1
398,36,175.60,159.20,55.70,156.60,1.0000,-1,-1,-1
398,39,94.00,149.20,44.50,151.50,0.9940,-1,-1,-1
398,40,232.00,172.00,39.40,115.20,1.0000,-1,-1,-1
398,41,266.00,188.60,29.60,94.60,0.9980,-1,-1,-1
399,18,314.00,130.70,74.00,213.40,1.0000,-1,-1,-1
399,27,397.10,15.00,219.30,462.20,0.9980,-1,-1,-1
399,28,48.20,131.70,57.90,183.50,0.9990,-1,-1,-1
399,36,172.00,156.90,52.70,164.10,1.0000,-1,-1,-1
399,39,89.70,143.00,47.40,155.10,0.9850,-1,-1,-1
399,40,230.00,168.40,38.50,120.60,0.9990,-1,-1,-1
399,41,262.20,185.90,35.30,99.80,0.9980,-1,-1,-1
399,38,20.00,149.70,47.20,152.70,0.3880,-1,-1,-1
399,-1,287.40,179.50,29.60,95.80,0.9870,-1,-1,-1
400,18,316.60,128.10,75.40,215.40,1.0000,-1,-1,-1
400,27,405.20,9.70,201.30,471.30,0.9980,-1,-1,-1
400,28,45.70,131.60,54.90,181.00,0.9980,-1,-1,-1
400,36,166.90,157.10,57.50,170.50,1.0000,-1,-1,-1
400,38,4.70,140.50,58.60,167.10,0.9860,-1,-1,-1
400,39,89.30,147.20,47.60,155.40,0.9960,-1,-1,-1
400,40,227.40,169.20,39.80,120.20,0.9990,-1,-1,-1
400,41,258.70,182.00,41.60,106.10,0.9970,-1,-1,-1
400,42,283.60,181.40,34.50,95.40,0.8790,-1,-1,-1
401,18,313.80,127.90,76.00,218.20,1.0000,-1,-1,-1
401,27,399.30,1.00,194.30,480.00,0.9990,-1,-1,-1
401,28,33.40,130.40,60.30,192.50,0.9990,-1,-1,-1
401,36,154.80,153.10,59.20,181.40,1.0000,-1,-1,-1
401,38,6.30,132.90,51.50,178.80,0.8850,-1,-1,-1
401,39,78.50,149.90,49.40,160.80,0.9920,-1,-1,-1
401,40,223.30,170.30,38.80,127.30,0.9980,-1,-1,-1
401,41,251.80,187.50,44.70,107.50,0.9990,-1,-1,-1
401,42,280.50,185.00,34.30,93.60,0.9980,-1,-1,-1
402,18,310.10,125.40,75.00,214.20,1.0000,-1,-1,-1
402,27,406.20,1.00,188.10,480.00,0.9990,-1,-1,-1
402,28,27.00,125.40,58.80,197.20,1.0000,-1,-1,-1
402,36,147.50,148.50,59.20,186.50,1.0000,-1,-1,-1
402,39,73.50,144.00,49.10,162.50,0.9930,-1,-1,-1
402,40,217.40,168.50,38.50,124.50,1.0000,-1,-1,-1
402,41,249.40,186.10,39.90,106.80,0.9990,-1,-1,-1
402,42,275.50,181.70,34.40,92.50,0.9890,-1,-1,-1
403,18,307.70,129.50,76.90,212.30,1.0000,-1,-1,-1
403,27,411.30,11.10,178.50,469.90,0.9990,-1,-1,-1
403,28,18.50,126.40,58.60,199.90,1.0000,-1,-1,-1
403,36,133.40,143.30,64.90,197.10,1.0000,-1,-1,-1
403,39,64.50,142.30,49.20,165.60,0.9910,-1,-1,-1
403,40,209.20,167.60,39.30,130.00,0.9970,-1,-1,-1
403,41,241.00,183.50,46.20,111.60,1.0000,-1,-1,-1
403,42,269.20,181.20,35.20,95.20,0.8600,-1,-1,-1
404,18,310.20,136.20,78.10,206.40,1.0000,-1,-1,-1
404,27,428.10,12.00,179.40,469.00,0.9990,-1,-1,-1
404,28,14.80,125.00,59.30,202.70,1.0000,-1,-1,-1
404,36,121.30,145.60,74.70,199.30,1.0000,-1,-1,-1
404,39,61.30,144.60,51.10,169.10,0.9880,-1,-1,-1
404,40,206.10,168.90,41.40,136.00,0.9990,-1,-1,-1
404,41,243.30,184.40,41.60,117.80,0.9990,-1,-1,-1
404,42,266.40,181.40,34.90,102.90,0.4500,-1,-1,-1
405,18,310.30,136.80,73.30,216.30,1.0000,-1,-1,-1
405,27,430.50,10.70,198.50,470.30,0.9990,-1,-1,-1
405,28,8.30,122.40,58.40,209.60,1.0000,-1,-1,-1
405,36,110.80,139.40,76.50,209.10,1.0000,-1,-1,-1
405,39,54.70,145.60,50.20,167.60,0.9630,-1,-1,-1
405,40,199.40,162.30,42.40,143.60,1.0000,-1,-1,-1
405,41,240.10,178.00,41.20,125.30,1.0000,-1,-1,-1
405,42,264.60,177.30,34.90,104.50,0.8340,-1,-1,-1
405,-1,379.90,108.50,99.30,267.40,0.2740,-1,-1,-1
406,18,307.60,140.10,77.60,207.30,1.0000,-1,-1,-1
406,27,449.00,1.00,185.40,480.00,1.0000,-1,-1,-1
406,28,2.90,111.30,57.10,220.70,1.0000,-1,-1,-1
406,36,95.30,136.00,85.70,220.60,1.0000,-1,-1,-1
406,39,47.70,143.00,50.90,169.30,0.9750,-1,-1,-1
406,40,190.60,157.20,45.50,150.40,1.0000,-1,-1,-1
406,41,236.00,179.40,41.90,123.30,1.0000,-1,-1,-1
406,42,261.70,176.20,31.00,110.50,0.6180,-1,-1,-1
406,-1,375.40,112.60,101.20,260.00,0.8960,-1,-1,-1
407,18,310.20,131.00,76.60,212.80,1.0000,-1,-1,-1
407,27,464.60,1.00,176.40,480.00,1.0000,-1,-1,-1
407,28,1.00,106.50,54.50,222.40,0.9980,-1,-1,-1
407,36,87.60,130.30,84.50,225.90,0.9990,-1,-1,-1
407,40,184.90,150.50,45.80,157.70,1.0000,-1,-1,-1
407,41,230.10,176.50,44.50,127.10,1.0000,-1,-1,-1
407,42,262.10,172.50,29.60,107.40,0.8670,-1,-1,-1
407,43,378.20,101.60,99.90,277.70,0.9980,-1,-1,-1
407,39,41.00,134.20,50.20,178.40,0.5590,-1,-1,-1
408,18,306.70,139.50,75.20,201.30,1.0000,-1,-1,-1
408,27,470.40,1.00,170.60,480.00,0.9990,-1,-1,-1
408,28,1.00,102.90,43.50,227.30,0.9980,-1,-1,-1
408,36,68.70,120.60,91.40,245.10,1.0000,-1,-1,-1
408,40,169.50,156.60,50.80,158.40,1.0000,-1,-1,-1
408,41,219.60,178.40,46.40,134.30,0.9990,-1,-1,-1
408,42,251.40,175.50,31.90,114.40,0.9520,-1,-1,-1
408,43,372.70,109.30,107.00,280.30,1.0000,-1,-1,-1
408,39,24.90,124.50,45.50,195.00,0.1780,-1,-1,-1
409,18,306.00,132.50,77.30,211.50,1.0000,-1,-1,-1
409,27,482.50,5.10,158.50,475.90,0.9990,-1,-1,-1
409,36,58.50,115.10,96.20,253.50,0.9990,-1,-1,-1
409,40,164.70,156.20,50.10,160.10,1.0000,-1,-1,-1
409,41,215.90,177.00,44.30,139.40,1.0000,-1,-1,-1
409,42,247.50,174.50,36.80,114.80,0.9740,-1,-1,-1
409,43,373.00,112.50,104.10,278.50,1.0000,-1,-1,-1
409,28,3.10,105.70,34.40,224.70,0.5620,-1,-1,-1
409,39,19.60,115.00,41.70,207.50,0.0530,-1,-1,-1
409,-1,286.80,176.50,36.40,97.20,0.0840,-1,-1,-1
410,18,309.40,130.70,74.80,213.30,1.0000,-1,-1,-1
410,27,500.10,1.80,140.90,479.20,0.9690,-1,-1,-1
410,36,48.30,110.80,101.90,260.40,0.9980,-1,-1,-1
410,40,155.30,151.20,56.40,169.60,0.9990,-1,-1,-1
410,41,213.60,175.10,43.20,141.50,1.0000,-1,-1,-1
410,42,247.90,169.30,34.50,117.10,0.9960,-1,-1,-1
410,43,374.80,110.20,105.80,281.20,1.0000,-1,-1,-1
410,-1,292.70,172.00,36.80,104.20,0.5710,-1,-1,-1
411,18,316.10,135.00,74.20,215.90,1.0000,-1,-1,-1
411,27,521.60,4.20,119.40,476.80,0.8910,-1,-1,-1
411,36,38.40,109.40,94.80,280.40,0.9990,-1,-1,-1
411,40,150.70,153.10,56.50,177.40,1.0000,-1,-1,-1
411,41,210.70,177.80,46.70,144.40,1.0000,-1,-1,-1
411,42,248.90,176.70,35.40,116.00,0.9980,-1,-1,-1
411,43,379.90,121.40,101.40,271.80,1.0000,-1,-1,-1
411,-1,289.90,174.60,40.60,106.00,0.9830,-1,-1,-1
412,18,312.80,137.40,73.80,212.40,1.0000,-1,-1,-1
412,27,534.50,1.00,106.50,480.00,0.6640,-1,-1,-1
412,36,29.40,103.20,97.00,293.90,1.0000,-1,-1,-1
412,40,141.50,144.30,57.80,188.10,1.0000,-1,-1,-1
412,41,202.20,172.90,49.90,150.20,1.0000,-1,-1,-1
412,42,240.90,169.70,40.60,125.80,0.9990,-1,-1,-1
412,43,380.30,120.00,99.80,269.10,1.0000,-1,-1,-1
412,44,287.00,174.70,43.30,101.90,0.9880,-1,-1,-1
413,18,311.10,130.20,75.20,214.00,1.0000,-1,-1,-1
413,36,7.20,82.20,101.20,325.20,0.9980,-1,-1,-1
413,40,125.30,131.80,59.90,196.80,1.0000,-1,-1,-1
413,41,188.10,164.40,51.70,158.50,0.9990,-1,-1,-1
413,42,230.40,161.80,43.90,130.60,0.9980,-1,-1,-1
413,43,371.40,111.50,106.50,274.20,1.0000,-1,-1,-1
413,44,279.90,167.80,40.70,105.80,0.9910,-1,-1,-1
413,-1,604.40,5.40,28.00,50.40,0.1040,-1,-1,-1
413,-1,64.20,84.20,15.00,34.30,0.0740,-1,-1,-1
414,18,312.30,129.90,71.30,210.70,0.9990,-1,-1,-1
414,36,2.80,83.30,95.30,317.20,0.9990,-1,-1,-1
414,40,118.60,132.10,60.70,204.40,0.9990,-1,-1,-1
414,41,182.40,163.40,52.90,170.50,0.9990,-1,-1,-1
414,42,224.30,162.90,46.80,131.30,0.9980,-1,-1,-1
414,43,374.50,110.60,102.70,275.90,1.0000,-1,-1,-1
414,44,276.10,168.10,40.70,101.70,0.9980,-1,-1,-1
414,-1,493.10,190.60,19.20,50.30,0.0860,-1,-1,-1
415,18,315.90,126.10,71.70,207.90,0.9990,-1,-1,-1
415,36,1.00,83.20,82.80,316.90,0.9970,-1,-1,-1
415,40,106.10,126.10,67.40,214.50,1.0000,-1,-1,-1
415,41,174.50,160.80,55.40,178.00,0.9990,-1,-1,-1
415,42,225.60,161.30,46.50,134.00,1.0000,-1,-1,-1
415,43,371.50,103.10,107.00,277.70,1.0000,-1,-1,-1
415,44,274.40,170.50,43.80,99.40,0.9990,-1,-1,-1
416,18,317.20,124.20,73.90,208.60,1.0000,-1,-1,-1
416,36,1.30,95.70,65.80,300.70,0.9860,-1,-1,-1
416,40,93.00,122.30,73.40,231.90,1.0000,-1,-1,-1
416,41,166.50,158.80,57.90,184.00,1.0000,-1,-1,-1
416,42,224.50,159.20,47.80,135.60,1.0000,-1,-1,-1
416,43,377.70,104.20,102.50,281.50,1.0000,-1,-1,-1
416,44,274.30,166.30,42.20,106.80,0.9990,-1,-1,-1
417,18,322.10,122.00,75.60,212.10,1.0000,-1,-1,-1
417,36,1.00,111.30,47.70,219.40,0.9940,-1,-1,-1
417,40,81.30,113.40,80.90,250.60,1.0000,-1,-1,-1
417,41,162.50,151.80,58.60,197.00,1.0000,-1,-1,-1
417,42,226.20,156.90,49.70,141.40,0.9990,-1,-1,-1
417,43,379.30,105.70,106.00,285.20,1.0000,-1,-1,-1
417,44,273.50,166.10,44.10,106.10,0.9990,-1,-1,-1
418,18,330.10,125.30,72.20,208.90,0.9990,-1,-1,-1
418,36,2.50,105.40,42.40,233.80,0.9800,-1,-1,-1
418,40,77.60,109.90,83.00,265.20,1.0000,-1,-1,-1
418,41,160.30,142.90,61.90,211.20,0.9990,-1,-1,-1
418,42,226.80,156.10,51.80,146.30,0.9980,-1,-1,-1
418,43,382.90,117.80,106.60,271.20,1.0000,-1,-1,-1
418,44,274.50,167.70,43.50,109.00,1.0000,-1,-1,-1
