1,-1,1680.00,522.70,87.90,197.60,1.0000,-1,-1,-1
1,-1,1395.00,367.70,132.60,358.20,1.0000,-1,-1,-1
1,-1,1167.30,312.90,183.40,486.80,1.0000,-1,-1,-1
1,-1,979.00,335.60,188.60,522.60,1.0000,-1,-1,-1
1,-1,1544.60,415.60,91.00,293.80,1.0000,-1,-1,-1
1,-1,1828.60,423.10,90.70,213.30,1.0000,-1,-1,-1
1,-1,820.80,359.30,199.90,480.40,0.9990,-1,-1,-1
2,0,1684.70,523.70,88.40,197.10,1.0000,-1,-1,-1
2,1,1397.90,368.80,134.20,356.80,1.0000,-1,-1,-1
2,2,1173.90,316.50,186.30,484.80,1.0000,-1,-1,-1
2,3,989.80,322.90,187.10,528.50,1.0000,-1,-1,-1
2,4,1545.10,416.50,93.90,286.60,1.0000,-1,-1,-1
2,5,1830.60,421.60,88.90,215.00,1.0000,-1,-1,-1
2,6,829.80,345.50,196.80,494.40,0.9990,-1,-1,-1
3,0,1686.30,523.70,93.20,198.60,1.0000,-1,-1,-1
3,1,1406.10,373.00,130.90,347.20,1.0000,-1,-1,-1
3,2,1186.10,319.90,184.40,479.80,1.0000,-1,-1,-1
3,3,984.50,332.00,200.40,523.60,1.0000,-1,-1,-1
3,4,1549.50,418.90,92.40,287.50,1.0000,-1,-1,-1
3,5,1834.00,423.30,87.00,212.40,1.0000,-1,-1,-1
3,6,835.90,357.50,192.40,480.30,0.9990,-1,-1,-1
4,0,1691.60,525.00,93.20,198.20,1.0000,-1,-1,-1
4,1,1407.20,374.50,134.60,347.90,1.0000,-1,-1,-1
4,2,1195.40,325.40,179.60,466.30,1.0000,-1,-1,-1
4,3,1006.40,331.30,209.50,518.00,1.0000,-1,-1,-1
4,4,1549.50,416.70,92.20,288.80,1.0000,-1,-1,-1
4,5,1837.70,424.60,83.30,214.50,1.0000,-1,-1,-1
4,6,857.30,354.10,180.90,496.90,1.0000,-1,-1,-1
5,0,1695.00,527.70,92.80,195.40,1.0000,-1,-1,-1
5,1,1414.30,376.10,132.80,344.50,1.0000,-1,-1,-1
5,2,1199.60,326.00,178.80,467.20,1.0000,-1,-1,-1
5,3,1016.80,334.20,213.20,516.60,1.0000,-1,-1,-1
5,4,1547.90,420.60,92.70,278.10,1.0000,-1,-1,-1
5,5,1839.20,420.30,81.80,222.10,1.0000,-1,-1,-1
5,6,872.40,353.50,179.50,473.90,0.9990,-1,-1,-1
6,0,1701.60,528.90,93.00,198.30,1.0000,-1,-1,-1
6,1,1418.80,380.40,127.70,341.50,1.0000,-1,-1,-1
6,2,1206.30,322.40,173.80,468.40,1.0000,-1,-1,-1
6,3,1029.70,336.00,221.20,509.20,1.0000,-1,-1,-1
6,4,1548.10,423.90,92.70,280.80,1.0000,-1,-1,-1
6,5,1843.60,427.50,77.40,212.00,1.0000,-1,-1,-1
6,6,881.30,354.00,168.50,469.60,1.0000,-1,-1,-1
7,0,1705.60,530.60,93.10,197.00,1.0000,-1,-1,-1
7,1,1422.00,381.30,125.70,338.70,1.0000,-1,-1,-1
7,2,1207.10,320.10,173.10,463.00,1.0000,-1,-1,-1
7,3,1035.40,340.70,217.50,503.80,1.0000,-1,-1,-1
7,4,1549.10,423.60,93.00,282.40,1.0000,-1,-1,-1
7,5,1846.00,426.90,75.00,212.50,1.0000,-1,-1,-1
7,6,895.90,351.40,163.10,470.60,0.9990,-1,-1,-1
8,0,1709.20,530.60,93.50,194.40,1.0000,-1,-1,-1
8,1,1423.90,379.60,126.20,336.90,1.0000,-1,-1,-1
8,2,1218.80,320.80,171.00,465.60,1.0000,-1,-1,-1
8,3,1042.60,341.60,222.10,492.70,1.0000,-1,-1,-1
8,4,1547.20,419.00,94.20,285.40,1.0000,-1,-1,-1
8,5,1847.40,420.50,73.60,216.40,0.9990,-1,-1,-1
8,6,910.70,348.10,158.30,469.10,1.0000,-1,-1,-1
9,0,1710.30,525.00,102.50,197.80,1.0000,-1,-1,-1
9,1,1429.70,374.50,117.50,341.70,1.0000,-1,-1,-1
9,2,1225.50,320.40,176.50,463.90,1.0000,-1,-1,-1
9,3,1053.30,337.40,224.30,506.50,1.0000,-1,-1,-1
9,4,1550.20,424.50,97.50,282.00,1.0000,-1,-1,-1
9,5,1845.20,418.60,75.80,216.80,1.0000,-1,-1,-1
9,6,925.60,344.50,163.40,483.20,0.9990,-1,-1,-1
10,0,1713.20,526.40,107.90,198.10,1.0000,-1,-1,-1
10,1,1435.20,371.40,110.30,342.90,1.0000,-1,-1,-1
10,2,1231.40,316.10,182.30,468.60,1.0000,-1,-1,-1
10,3,1075.50,334.30,209.90,504.40,1.0000,-1,-1,-1
10,4,1552.50,427.20,100.30,283.20,1.0000,-1,-1,-1
10,5,1850.40,423.00,70.60,211.20,0.9990,-1,-1,-1
10,6,934.10,348.30,171.10,471.00,1.0000,-1,-1,-1
11,0,1718.90,529.80,100.70,199.40,1.0000,-1,-1,-1
11,1,1443.30,375.50,108.90,344.60,1.0000,-1,-1,-1
11,2,1236.10,316.00,188.80,466.00,1.0000,-1,-1,-1
11,3,1086.20,339.50,201.20,498.80,1.0000,-1,-1,-1
11,4,1553.90,426.10,103.50,279.60,1.0000,-1,-1,-1
11,5,1852.40,424.70,68.60,212.50,0.9990,-1,-1,-1
11,6,940.10,356.00,182.60,464.40,1.0000,-1,-1,-1
12,0,1724.20,531.30,99.70,198.60,1.0000,-1,-1,-1
12,1,1450.50,376.20,105.00,336.20,1.0000,-1,-1,-1
12,2,1250.90,319.80,185.50,454.90,1.0000,-1,-1,-1
12,3,1104.40,331.50,187.70,504.90,1.0000,-1,-1,-1
12,4,1555.40,427.60,101.20,277.30,1.0000,-1,-1,-1
12,5,1852.10,422.70,68.90,215.00,0.9990,-1,-1,-1
12,6,956.00,354.50,183.50,462.70,1.0000,-1,-1,-1
13,0,1726.10,532.60,101.50,200.10,1.0000,-1,-1,-1
13,1,1453.00,373.90,103.10,342.80,0.9990,-1,-1,-1
13,2,1255.30,321.80,189.10,457.50,1.0000,-1,-1,-1
13,3,1119.20,342.10,182.30,495.60,1.0000,-1,-1,-1
13,4,1561.60,425.40,94.60,278.80,1.0000,-1,-1,-1
13,5,1856.80,422.30,64.20,213.70,0.9970,-1,-1,-1
13,6,961.50,356.20,186.70,460.00,1.0000,-1,-1,-1
14,0,1727.80,527.70,100.30,206.20,1.0000,-1,-1,-1
14,1,1456.40,376.30,108.50,330.30,1.0000,-1,-1,-1
14,2,1256.50,319.40,201.90,464.90,1.0000,-1,-1,-1
14,3,1138.40,334.20,181.10,494.30,1.0000,-1,-1,-1
14,4,1560.50,432.20,106.80,275.20,1.0000,-1,-1,-1
14,5,1859.70,421.70,61.30,215.90,0.9970,-1,-1,-1
14,6,965.80,358.40,191.60,455.00,1.0000,-1,-1,-1
15,0,1727.40,525.60,99.40,207.70,1.0000,-1,-1,-1
15,1,1457.70,378.40,111.80,326.80,1.0000,-1,-1,-1
15,2,1269.50,319.30,185.80,464.10,1.0000,-1,-1,-1
15,3,1139.90,338.30,185.00,492.80,1.0000,-1,-1,-1
15,4,1557.60,430.30,114.10,282.90,1.0000,-1,-1,-1
15,5,1861.10,423.10,59.90,217.60,0.9820,-1,-1,-1
15,6,984.40,365.80,175.90,444.50,1.0000,-1,-1,-1
16,0,1725.80,525.40,100.80,208.70,1.0000,-1,-1,-1
16,1,1459.40,381.50,115.40,324.40,0.9990,-1,-1,-1
16,2,1279.50,329.70,183.70,441.40,0.9990,-1,-1,-1
16,3,1157.80,330.00,173.50,492.50,1.0000,-1,-1,-1
16,4,1561.00,428.20,113.90,281.80,1.0000,-1,-1,-1
16,5,1864.20,424.70,56.80,214.10,0.9960,-1,-1,-1
16,6,983.80,357.50,182.70,451.70,1.0000,-1,-1,-1
17,0,1724.40,527.20,99.90,206.30,1.0000,-1,-1,-1
17,1,1465.80,382.90,115.00,318.70,0.9990,-1,-1,-1
17,2,1275.60,330.50,194.10,444.90,0.9980,-1,-1,-1
17,3,1154.50,327.00,188.80,504.60,1.0000,-1,-1,-1
17,4,1561.40,432.20,115.10,276.90,1.0000,-1,-1,-1
17,5,1864.40,424.30,56.60,212.60,0.9960,-1,-1,-1
17,6,994.90,354.50,170.40,453.80,1.0000,-1,-1,-1
18,0,1721.70,526.30,101.80,204.20,1.0000,-1,-1,-1
18,1,1470.40,384.50,113.50,319.90,0.9970,-1,-1,-1
18,2,1285.30,328.30,191.50,437.70,0.9990,-1,-1,-1
18,3,1162.20,336.60,200.00,493.50,1.0000,-1,-1,-1
18,4,1569.80,443.10,113.10,264.00,1.0000,-1,-1,-1
18,5,1868.10,420.10,52.90,216.50,0.9450,-1,-1,-1
18,6,998.40,354.20,167.50,448.40,1.0000,-1,-1,-1
19,0,1718.20,525.90,105.70,209.00,1.0000,-1,-1,-1
19,1,1471.20,384.50,113.30,322.30,0.9990,-1,-1,-1
19,2,1307.20,335.30,167.40,432.60,0.9350,-1,-1,-1
19,3,1182.10,344.10,195.50,485.60,1.0000,-1,-1,-1
19,4,1571.90,451.90,115.00,252.90,1.0000,-1,-1,-1
19,5,1871.00,419.20,50.00,213.50,0.9600,-1,-1,-1
19,6,1019.00,354.60,154.10,438.70,1.0000,-1,-1,-1
20,0,1716.30,524.00,108.70,211.30,1.0000,-1,-1,-1
20,1,1476.10,385.60,112.70,316.80,0.9990,-1,-1,-1
20,3,1188.60,344.40,197.00,486.10,1.0000,-1,-1,-1
20,4,1571.20,454.80,114.00,251.90,1.0000,-1,-1,-1
20,5,1871.10,418.30,49.90,214.50,0.9750,-1,-1,-1
20,6,1025.90,357.40,152.90,435.10,1.0000,-1,-1,-1
20,2,1306.50,331.20,147.40,414.90,0.0690,-1,-1,-1
21,0,1713.80,522.20,106.70,213.40,1.0000,-1,-1,-1
21,1,1479.20,388.30,116.10,312.30,1.0000,-1,-1,-1
21,3,1201.30,347.80,191.40,476.30,1.0000,-1,-1,-1
21,4,1574.90,458.50,112.80,245.80,1.0000,-1,-1,-1
21,5,1872.10,418.10,48.90,215.70,0.9440,-1,-1,-1
21,6,1036.00,359.70,155.00,433.90,1.0000,-1,-1,-1
22,0,1709.60,524.90,111.20,210.90,1.0000,-1,-1,-1
22,1,1483.50,384.00,114.70,319.30,1.0000,-1,-1,-1
22,3,1210.30,347.80,188.50,480.10,1.0000,-1,-1,-1
22,4,1576.20,460.30,117.60,242.80,1.0000,-1,-1,-1
22,5,1874.40,416.00,46.60,219.30,0.8290,-1,-1,-1
22,6,1038.40,363.10,164.90,429.60,1.0000,-1,-1,-1
23,0,1707.00,525.30,109.50,212.20,1.0000,-1,-1,-1
23,1,1488.80,381.60,118.30,323.40,1.0000,-1,-1,-1
23,3,1218.70,346.30,190.60,476.70,1.0000,-1,-1,-1
23,4,1578.80,469.70,117.60,233.60,1.0000,-1,-1,-1
23,6,1051.00,360.30,163.40,430.60,1.0000,-1,-1,-1
23,5,1874.80,411.00,46.20,225.80,0.3650,-1,-1,-1
24,0,1703.40,524.40,114.20,211.60,1.0000,-1,-1,-1
24,1,1500.00,381.10,110.30,319.40,1.0000,-1,-1,-1
24,3,1234.60,350.30,189.50,462.20,1.0000,-1,-1,-1
24,4,1577.30,472.00,119.20,235.10,1.0000,-1,-1,-1
24,6,1058.40,362.70,165.40,431.40,1.0000,-1,-1,-1
24,5,1874.20,415.40,46.80,216.70,0.1140,-1,-1,-1
25,0,1698.20,523.60,118.50,212.50,1.0000,-1,-1,-1
25,1,1502.20,381.80,111.00,323.50,1.0000,-1,-1,-1
25,3,1241.70,348.40,188.10,465.00,1.0000,-1,-1,-1
25,4,1582.10,480.30,115.30,224.70,1.0000,-1,-1,-1
25,6,1058.00,358.70,179.60,436.30,1.0000,-1,-1,-1
26,0,1696.80,524.70,117.40,210.30,1.0000,-1,-1,-1
26,1,1507.40,381.10,115.00,323.40,0.9990,-1,-1,-1
26,3,1253.20,345.60,185.80,466.20,1.0000,-1,-1,-1
26,4,1585.40,483.90,112.30,217.70,1.0000,-1,-1,-1
26,6,1067.50,370.90,175.60,422.10,1.0000,-1,-1,-1
27,0,1697.60,525.70,113.30,207.50,1.0000,-1,-1,-1
27,1,1511.90,381.00,114.00,324.30,0.9990,-1,-1,-1
27,3,1264.70,343.20,184.80,462.20,1.0000,-1,-1,-1
27,4,1585.70,494.50,113.80,209.10,1.0000,-1,-1,-1
27,6,1070.20,359.50,175.70,433.70,1.0000,-1,-1,-1
28,0,1698.60,522.10,113.00,212.00,1.0000,-1,-1,-1
28,1,1516.30,385.80,108.80,314.90,1.0000,-1,-1,-1
28,3,1275.60,347.30,185.90,462.80,1.0000,-1,-1,-1
28,4,1585.40,494.60,115.40,207.10,1.0000,-1,-1,-1
28,6,1074.50,359.80,168.80,436.00,1.0000,-1,-1,-1
29,0,1697.60,521.30,112.00,218.50,1.0000,-1,-1,-1
29,1,1522.90,384.00,114.30,314.80,0.9990,-1,-1,-1
29,3,1289.70,349.90,180.10,458.00,1.0000,-1,-1,-1
29,4,1593.30,497.30,111.30,208.00,1.0000,-1,-1,-1
29,6,1076.30,373.90,163.90,423.40,1.0000,-1,-1,-1
30,0,1697.20,526.40,112.80,210.00,1.0000,-1,-1,-1
30,1,1527.10,382.90,115.70,312.70,0.9990,-1,-1,-1
30,3,1293.70,352.10,185.50,451.00,1.0000,-1,-1,-1
30,4,1592.80,499.60,111.80,208.60,1.0000,-1,-1,-1
30,6,1077.60,365.80,159.60,429.20,1.0000,-1,-1,-1
30,5,1880.70,422.60,40.30,199.60,0.4730,-1,-1,-1
31,0,1690.90,524.10,116.20,214.20,1.0000,-1,-1,-1
31,1,1535.50,393.30,132.20,303.40,0.9950,-1,-1,-1
31,3,1300.40,355.50,187.90,438.90,1.0000,-1,-1,-1
31,4,1592.80,506.80,113.20,201.50,1.0000,-1,-1,-1
31,5,1882.00,425.30,39.00,186.60,0.8090,-1,-1,-1
31,6,1090.20,366.40,147.10,421.20,1.0000,-1,-1,-1
32,0,1695.10,523.30,113.30,208.30,1.0000,-1,-1,-1
32,3,1308.30,363.60,186.30,433.50,1.0000,-1,-1,-1
32,4,1585.10,502.20,122.40,205.80,1.0000,-1,-1,-1
32,5,1881.60,424.80,39.40,192.10,0.9320,-1,-1,-1
32,6,1090.10,365.70,149.40,414.00,1.0000,-1,-1,-1
32,1,1544.30,400.90,114.00,280.80,0.3400,-1,-1,-1
32,-1,1225.00,348.50,116.40,413.10,0.0920,-1,-1,-1
33,0,1694.80,525.50,109.90,207.70,1.0000,-1,-1,-1
33,1,1550.20,398.10,108.40,292.60,0.7200,-1,-1,-1
33,3,1316.70,362.30,188.50,434.80,1.0000,-1,-1,-1
33,4,1589.00,509.60,120.60,193.70,1.0000,-1,-1,-1
33,5,1881.50,425.70,39.50,192.70,0.9580,-1,-1,-1
33,6,1094.70,370.30,152.90,410.60,1.0000,-1,-1,-1
33,-1,1220.20,352.50,130.60,404.70,0.8160,-1,-1,-1
34,0,1693.60,522.10,108.70,214.30,1.0000,-1,-1,-1
34,3,1331.90,356.80,183.00,438.40,1.0000,-1,-1,-1
34,4,1587.70,516.00,121.20,187.10,1.0000,-1,-1,-1
34,5,1881.10,425.10,39.90,197.80,0.9670,-1,-1,-1
34,6,1111.10,369.90,136.10,404.30,1.0000,-1,-1,-1
34,7,1226.60,356.40,140.40,400.70,0.9810,-1,-1,-1
35,0,1691.20,523.40,109.50,211.80,1.0000,-1,-1,-1
35,3,1339.90,355.40,180.60,436.50,1.0000,-1,-1,-1
35,4,1588.40,515.20,120.60,190.20,1.0000,-1,-1,-1
35,5,1881.40,424.30,39.60,199.80,0.9720,-1,-1,-1
35,6,1111.50,369.40,142.10,406.40,1.0000,-1,-1,-1
35,7,1236.70,350.40,136.00,404.90,0.9960,-1,-1,-1
36,0,1697.50,523.80,100.50,212.30,1.0000,-1,-1,-1
36,3,1352.50,358.40,176.70,430.70,1.0000,-1,-1,-1
36,4,1587.80,514.10,122.00,191.00,1.0000,-1,-1,-1
36,5,1882.00,422.30,39.00,197.30,0.9750,-1,-1,-1
36,6,1120.50,368.20,140.20,409.90,1.0000,-1,-1,-1
36,7,1238.90,358.20,143.90,390.50,0.9980,-1,-1,-1
37,0,1698.00,523.60,101.30,208.70,1.0000,-1,-1,-1
37,3,1352.40,356.10,182.30,437.90,1.0000,-1,-1,-1
37,4,1592.20,511.30,116.70,192.70,1.0000,-1,-1,-1
37,5,1881.50,422.20,39.50,196.20,0.9710,-1,-1,-1
37,6,1126.70,370.70,140.50,407.20,1.0000,-1,-1,-1
37,7,1241.70,356.50,146.20,391.50,0.9980,-1,-1,-1
38,0,1697.40,523.10,99.20,211.20,1.0000,-1,-1,-1
38,3,1359.70,351.90,176.40,443.70,1.0000,-1,-1,-1
38,4,1594.00,517.30,114.90,183.40,1.0000,-1,-1,-1
38,5,1881.90,423.60,39.10,195.40,0.9470,-1,-1,-1
38,6,1133.40,373.10,141.60,398.90,1.0000,-1,-1,-1
38,7,1257.70,350.00,127.50,396.50,0.9930,-1,-1,-1
39,0,1697.80,525.10,99.20,206.30,1.0000,-1,-1,-1
39,3,1365.00,352.10,176.70,438.30,1.0000,-1,-1,-1
39,4,1591.00,509.50,116.40,192.40,1.0000,-1,-1,-1
39,5,1880.70,427.20,40.30,187.30,0.9320,-1,-1,-1
39,6,1139.60,373.30,148.20,394.80,1.0000,-1,-1,-1
39,7,1256.70,359.80,114.40,381.20,0.9960,-1,-1,-1
40,0,1698.00,525.60,100.00,206.30,1.0000,-1,-1,-1
40,3,1369.50,350.70,175.00,432.70,1.0000,-1,-1,-1
40,4,1592.10,506.00,115.10,195.50,1.0000,-1,-1,-1
40,5,1881.50,428.80,39.50,186.20,0.8140,-1,-1,-1
40,6,1140.60,370.90,154.80,403.80,1.0000,-1,-1,-1
40,7,1260.00,368.20,100.30,372.70,0.3150,-1,-1,-1
41,0,1698.40,526.70,100.00,206.20,1.0000,-1,-1,-1
41,3,1373.90,351.90,174.70,426.40,1.0000,-1,-1,-1
41,4,1589.60,505.20,119.70,196.50,1.0000,-1,-1,-1
41,5,1881.40,430.60,39.60,188.30,0.8680,-1,-1,-1
41,6,1154.50,368.40,150.10,397.80,1.0000,-1,-1,-1
41,7,1274.50,359.40,106.90,381.60,0.2590,-1,-1,-1
42,0,1700.40,525.40,98.80,208.80,1.0000,-1,-1,-1
42,3,1375.00,353.20,178.50,428.50,1.0000,-1,-1,-1
42,4,1590.10,508.90,120.50,200.20,1.0000,-1,-1,-1
42,5,1880.90,431.10,40.10,192.40,0.8210,-1,-1,-1
42,6,1154.80,374.30,145.30,397.80,1.0000,-1,-1,-1
42,7,1274.30,355.10,110.90,392.00,0.9830,-1,-1,-1
43,0,1701.90,524.10,99.10,208.40,1.0000,-1,-1,-1
43,3,1379.40,357.10,173.90,423.60,1.0000,-1,-1,-1
43,4,1589.20,498.40,118.70,205.30,1.0000,-1,-1,-1
43,5,1881.50,431.30,39.50,195.60,0.7810,-1,-1,-1
43,6,1156.80,370.90,142.50,398.60,1.0000,-1,-1,-1
43,7,1276.60,351.40,117.00,393.50,0.9880,-1,-1,-1
44,0,1696.70,522.30,101.30,210.70,1.0000,-1,-1,-1
44,3,1386.10,361.50,171.50,423.10,1.0000,-1,-1,-1
44,4,1585.30,498.60,123.20,205.30,1.0000,-1,-1,-1
44,6,1165.00,372.40,140.30,391.40,1.0000,-1,-1,-1
44,7,1284.90,354.50,114.30,388.30,0.9900,-1,-1,-1
44,5,1882.00,431.80,39.00,195.80,0.4620,-1,-1,-1
45,0,1697.40,523.20,97.50,211.60,1.0000,-1,-1,-1
45,3,1388.60,368.20,171.00,419.30,1.0000,-1,-1,-1
45,4,1589.80,495.00,116.10,214.50,1.0000,-1,-1,-1
45,6,1165.40,375.80,132.60,393.10,1.0000,-1,-1,-1
45,7,1290.80,357.30,112.90,385.80,0.9980,-1,-1,-1
45,5,1883.30,433.10,37.70,191.90,0.3890,-1,-1,-1
46,0,1695.00,525.00,98.60,208.00,1.0000,-1,-1,-1
46,3,1394.20,361.20,175.40,423.10,1.0000,-1,-1,-1
46,4,1584.20,487.90,121.90,219.40,1.0000,-1,-1,-1
46,6,1170.20,377.60,136.20,385.00,1.0000,-1,-1,-1
46,7,1290.00,361.00,115.60,379.10,0.9990,-1,-1,-1
46,5,1884.30,432.00,36.70,197.40,0.1780,-1,-1,-1
47,0,1694.30,524.30,98.90,209.00,1.0000,-1,-1,-1
47,3,1400.00,363.10,172.10,415.30,1.0000,-1,-1,-1
47,4,1586.20,491.90,116.80,214.70,1.0000,-1,-1,-1
47,6,1174.30,377.40,134.00,384.60,1.0000,-1,-1,-1
47,7,1295.70,358.90,112.10,386.40,0.9990,-1,-1,-1
48,0,1695.80,525.10,97.50,206.80,1.0000,-1,-1,-1
48,3,1412.60,371.10,166.50,401.80,1.0000,-1,-1,-1
48,4,1585.70,481.40,115.90,227.30,1.0000,-1,-1,-1
48,6,1174.90,377.80,135.10,375.40,1.0000,-1,-1,-1
48,7,1296.80,363.50,113.50,376.30,0.9970,-1,-1,-1
49,0,1694.60,523.80,97.60,208.30,1.0000,-1,-1,-1
49,3,1412.10,365.30,167.30,410.40,1.0000,-1,-1,-1
49,4,1586.60,479.20,116.40,227.30,1.0000,-1,-1,-1
49,6,1174.10,376.30,140.70,382.80,1.0000,-1,-1,-1
49,7,1298.10,358.50,118.90,374.50,0.9970,-1,-1,-1
50,0,1694.00,526.00,98.70,206.40,1.0000,-1,-1,-1
50,3,1412.20,364.10,164.70,409.90,1.0000,-1,-1,-1
50,4,1588.00,474.60,108.30,232.60,1.0000,-1,-1,-1
50,6,1177.30,382.80,145.50,376.70,1.0000,-1,-1,-1
50,7,1303.30,355.90,118.30,379.30,0.9970,-1,-1,-1
51,0,1689.20,522.30,103.50,211.10,1.0000,-1,-1,-1
51,3,1417.60,358.60,162.00,418.70,1.0000,-1,-1,-1
51,4,1586.80,473.20,109.30,233.70,1.0000,-1,-1,-1
51,6,1178.30,380.30,151.50,374.50,1.0000,-1,-1,-1
51,7,1305.20,368.60,114.00,369.50,0.9980,-1,-1,-1
52,0,1691.00,526.30,98.10,207.30,1.0000,-1,-1,-1
52,3,1416.20,361.90,163.90,411.10,1.0000,-1,-1,-1
52,4,1587.20,472.50,107.10,233.20,1.0000,-1,-1,-1
52,6,1182.40,384.70,147.40,368.70,1.0000,-1,-1,-1
52,7,1306.30,365.00,117.50,371.80,0.9820,-1,-1,-1
53,0,1690.70,526.90,99.40,206.20,1.0000,-1,-1,-1
53,3,1408.20,360.40,171.30,410.60,1.0000,-1,-1,-1
53,4,1586.00,466.20,110.20,239.80,1.0000,-1,-1,-1
53,6,1184.70,384.80,146.20,371.40,1.0000,-1,-1,-1
53,7,1309.40,365.90,121.30,368.30,0.9950,-1,-1,-1
54,0,1688.20,526.10,101.30,204.40,1.0000,-1,-1,-1
54,3,1422.90,365.10,164.00,407.30,1.0000,-1,-1,-1
54,4,1584.80,460.40,111.70,249.40,1.0000,-1,-1,-1
54,6,1189.70,382.00,148.10,370.00,1.0000,-1,-1,-1
54,7,1309.30,370.60,124.50,356.80,0.9930,-1,-1,-1
55,0,1685.00,523.50,102.50,210.20,1.0000,-1,-1,-1
55,3,1422.50,372.60,163.90,394.30,1.0000,-1,-1,-1
55,4,1583.90,461.70,108.40,251.30,1.0000,-1,-1,-1
55,6,1192.60,379.80,148.90,375.30,1.0000,-1,-1,-1
55,7,1309.10,362.40,125.80,366.30,0.9990,-1,-1,-1
56,0,1683.90,524.10,102.90,207.60,1.0000,-1,-1,-1
56,3,1429.80,362.50,164.20,405.30,1.0000,-1,-1,-1
56,4,1581.00,451.70,110.60,255.80,1.0000,-1,-1,-1
56,6,1197.50,384.30,149.90,368.00,1.0000,-1,-1,-1
56,7,1314.10,363.20,127.70,364.60,0.9880,-1,-1,-1
57,0,1679.40,520.90,103.20,214.40,1.0000,-1,-1,-1
57,3,1434.50,379.10,166.90,390.90,1.0000,-1,-1,-1
57,4,1585.80,451.60,103.40,255.40,1.0000,-1,-1,-1
57,6,1200.80,386.60,148.70,365.70,1.0000,-1,-1,-1
57,7,1318.90,366.30,121.80,367.30,0.9630,-1,-1,-1
58,0,1679.30,525.10,105.90,209.60,1.0000,-1,-1,-1
58,3,1442.50,365.90,162.20,399.60,1.0000,-1,-1,-1
58,4,1588.00,448.10,102.30,262.10,1.0000,-1,-1,-1
58,6,1207.50,386.90,146.20,369.30,1.0000,-1,-1,-1
58,7,1316.00,369.90,124.40,352.90,0.8800,-1,-1,-1
59,0,1674.50,523.50,107.30,215.80,1.0000,-1,-1,-1
59,3,1452.90,364.90,155.10,402.30,1.0000,-1,-1,-1
59,4,1584.50,452.80,106.80,252.40,1.0000,-1,-1,-1
59,6,1213.80,384.00,147.40,371.10,1.0000,-1,-1,-1
60,0,1672.20,527.00,112.30,209.70,1.0000,-1,-1,-1
60,3,1453.30,365.20,155.40,398.20,1.0000,-1,-1,-1
60,4,1586.10,436.70,102.20,268.90,1.0000,-1,-1,-1
60,6,1219.40,385.40,145.70,367.20,1.0000,-1,-1,-1
61,0,1669.50,526.20,112.50,209.30,1.0000,-1,-1,-1
61,3,1442.70,367.30,169.30,394.70,1.0000,-1,-1,-1
61,4,1587.50,436.00,101.70,277.00,0.9990,-1,-1,-1
61,6,1229.70,384.70,141.80,362.20,1.0000,-1,-1,-1
62,0,1668.60,525.80,112.90,208.50,1.0000,-1,-1,-1
62,3,1440.00,365.20,170.70,384.00,1.0000,-1,-1,-1
62,4,1587.80,432.90,103.00,277.90,0.9990,-1,-1,-1
62,6,1230.30,382.70,145.70,360.30,1.0000,-1,-1,-1
63,0,1669.20,526.60,113.70,203.20,1.0000,-1,-1,-1
63,3,1438.80,365.90,174.10,383.10,1.0000,-1,-1,-1
63,4,1590.70,427.50,106.30,281.10,0.9990,-1,-1,-1
63,6,1236.40,382.00,142.50,359.10,1.0000,-1,-1,-1
63,-1,1176.40,413.70,113.60,296.80,0.4300,-1,-1,-1
64,0,1668.40,522.60,109.90,210.30,1.0000,-1,-1,-1
64,3,1441.20,375.80,172.40,377.80,1.0000,-1,-1,-1
64,4,1594.10,420.60,100.80,279.30,0.9990,-1,-1,-1
64,6,1241.50,382.60,138.40,358.20,1.0000,-1,-1,-1
64,-1,1168.60,408.10,122.00,309.00,0.9270,-1,-1,-1
65,0,1669.00,523.10,107.40,210.50,1.0000,-1,-1,-1
65,3,1442.90,374.50,168.50,380.60,1.0000,-1,-1,-1
65,4,1593.90,419.80,98.90,288.60,1.0000,-1,-1,-1
65,6,1242.80,383.20,141.20,357.80,1.0000,-1,-1,-1
65,8,1162.60,401.60,129.30,322.10,0.9050,-1,-1,-1
66,0,1669.90,527.30,106.20,202.60,1.0000,-1,-1,-1
66,3,1447.50,372.50,160.80,379.70,1.0000,-1,-1,-1
66,4,1596.50,411.90,97.10,297.70,1.0000,-1,-1,-1
66,6,1247.50,384.20,138.20,356.80,1.0000,-1,-1,-1
66,8,1155.30,401.00,136.80,323.50,0.9970,-1,-1,-1
67,0,1672.80,525.90,102.30,202.70,1.0000,-1,-1,-1
67,3,1449.70,372.10,157.60,379.40,1.0000,-1,-1,-1
67,4,1599.40,408.80,95.80,301.60,1.0000,-1,-1,-1
67,6,1251.50,383.90,141.30,355.80,1.0000,-1,-1,-1
67,8,1151.40,401.20,142.00,320.20,1.0000,-1,-1,-1
68,0,1672.40,526.80,101.90,204.30,1.0000,-1,-1,-1
68,3,1448.80,382.50,155.20,372.10,1.0000,-1,-1,-1
68,4,1602.80,410.10,91.20,293.60,1.0000,-1,-1,-1
68,6,1257.20,387.10,140.90,351.90,1.0000,-1,-1,-1
68,8,1150.50,400.70,145.00,321.80,1.0000,-1,-1,-1
69,0,1675.30,527.80,96.10,205.00,1.0000,-1,-1,-1
69,3,1450.00,384.60,150.00,367.70,1.0000,-1,-1,-1
69,4,1603.50,407.80,97.30,302.50,1.0000,-1,-1,-1
69,6,1264.10,395.90,139.70,348.30,1.0000,-1,-1,-1
69,8,1149.00,398.90,145.10,322.10,1.0000,-1,-1,-1
69,-1,1705.80,403.00,94.10,263.30,0.9970,-1,-1,-1
70,0,1677.50,527.40,92.40,206.70,1.0000,-1,-1,-1
70,3,1449.10,383.70,150.30,366.80,1.0000,-1,-1,-1
70,4,1604.20,407.40,103.60,299.60,1.0000,-1,-1,-1
70,6,1268.50,385.80,138.70,353.60,1.0000,-1,-1,-1
70,8,1150.90,391.30,141.30,340.50,1.0000,-1,-1,-1
70,9,1705.10,402.30,101.40,264.30,0.9990,-1,-1,-1
71,0,1678.30,529.20,92.60,206.60,1.0000,-1,-1,-1
71,3,1448.50,378.90,147.20,369.30,1.0000,-1,-1,-1
71,4,1610.50,405.70,111.00,286.40,0.9990,-1,-1,-1
71,6,1271.20,397.40,141.70,328.70,1.0000,-1,-1,-1
71,8,1149.80,390.90,140.80,343.80,1.0000,-1,-1,-1
71,9,1713.20,397.40,98.20,266.60,0.9990,-1,-1,-1
72,0,1680.80,531.00,88.70,204.20,1.0000,-1,-1,-1
72,3,1448.30,381.10,147.80,364.70,1.0000,-1,-1,-1
72,4,1607.40,407.10,113.00,284.90,0.9990,-1,-1,-1
72,6,1280.10,396.10,136.10,338.00,1.0000,-1,-1,-1
72,8,1148.20,392.20,140.90,343.30,1.0000,-1,-1,-1
72,9,1722.40,401.90,80.40,260.90,0.9980,-1,-1,-1
73,0,1681.80,529.70,87.70,203.90,1.0000,-1,-1,-1
73,3,1447.60,381.40,150.50,363.30,1.0000,-1,-1,-1
73,4,1611.10,405.20,116.40,296.90,0.9980,-1,-1,-1
73,6,1283.50,397.00,135.00,338.10,1.0000,-1,-1,-1
73,8,1144.90,400.90,145.30,320.60,1.0000,-1,-1,-1
73,9,1723.80,406.10,90.20,260.30,0.9990,-1,-1,-1
74,0,1683.70,525.40,83.50,206.90,1.0000,-1,-1,-1
74,3,1445.90,377.00,147.90,367.00,1.0000,-1,-1,-1
74,4,1612.00,397.80,130.80,305.50,0.9970,-1,-1,-1
74,6,1291.10,398.60,132.30,331.10,1.0000,-1,-1,-1
74,8,1143.20,400.80,143.40,325.20,1.0000,-1,-1,-1
74,9,1726.80,403.00,93.90,262.00,0.9980,-1,-1,-1
75,0,1684.90,529.10,82.60,203.00,1.0000,-1,-1,-1
75,3,1445.90,383.60,148.30,361.90,1.0000,-1,-1,-1
75,4,1614.70,398.40,128.80,306.90,0.9990,-1,-1,-1
75,6,1295.20,396.40,133.60,338.10,1.0000,-1,-1,-1
75,8,1141.70,402.40,145.50,321.90,1.0000,-1,-1,-1
75,9,1728.20,406.40,87.70,255.00,0.9940,-1,-1,-1
76,0,1682.70,525.00,86.20,206.60,1.0000,-1,-1,-1
76,3,1445.10,383.70,147.10,363.60,1.0000,-1,-1,-1
76,4,1616.00,403.70,144.30,304.70,0.9990,-1,-1,-1
76,6,1301.30,393.90,134.80,338.10,1.0000,-1,-1,-1
76,8,1144.00,392.60,144.40,347.40,1.0000,-1,-1,-1
76,9,1732.80,401.50,88.60,272.70,0.9980,-1,-1,-1
77,0,1681.60,526.40,88.70,204.70,1.0000,-1,-1,-1
77,3,1445.20,380.60,147.80,362.10,1.0000,-1,-1,-1
77,4,1614.20,406.10,142.70,305.80,0.9760,-1,-1,-1
77,6,1302.60,395.10,133.70,337.40,1.0000,-1,-1,-1
77,8,1144.70,391.70,144.00,348.20,1.0000,-1,-1,-1
77,9,1737.40,401.70,97.60,262.70,0.9990,-1,-1,-1
78,0,1680.90,531.00,89.00,198.70,1.0000,-1,-1,-1
78,3,1446.20,380.50,145.00,361.10,1.0000,-1,-1,-1
78,6,1310.70,399.10,126.40,331.90,1.0000,-1,-1,-1
78,8,1143.20,399.50,144.30,326.80,1.0000,-1,-1,-1
78,9,1737.90,402.80,108.40,261.40,0.9990,-1,-1,-1
79,0,1678.90,524.30,90.40,205.40,1.0000,-1,-1,-1
79,3,1447.20,384.00,148.40,360.10,1.0000,-1,-1,-1
79,6,1313.50,394.70,133.00,331.30,1.0000,-1,-1,-1
79,8,1141.90,387.70,145.60,352.60,1.0000,-1,-1,-1
79,9,1742.70,406.60,114.00,250.60,0.9990,-1,-1,-1
80,0,1673.80,517.70,93.60,211.10,1.0000,-1,-1,-1
80,3,1450.10,389.90,147.70,346.90,1.0000,-1,-1,-1
80,6,1316.50,390.10,136.50,336.20,1.0000,-1,-1,-1
80,8,1140.60,385.60,146.40,355.30,1.0000,-1,-1,-1
80,9,1749.70,403.80,108.90,257.40,0.9980,-1,-1,-1
81,0,1673.60,507.50,99.40,218.60,1.0000,-1,-1,-1
81,3,1453.90,390.40,145.00,344.80,1.0000,-1,-1,-1
81,6,1318.60,392.00,138.00,331.50,1.0000,-1,-1,-1
81,8,1138.50,383.90,144.90,357.60,1.0000,-1,-1,-1
81,9,1750.30,403.40,99.90,256.70,0.9980,-1,-1,-1
82,0,1679.50,523.20,91.30,203.70,1.0000,-1,-1,-1
82,3,1454.40,389.50,142.70,345.90,1.0000,-1,-1,-1
82,6,1327.60,401.40,135.50,315.90,1.0000,-1,-1,-1
82,8,1138.90,381.80,145.20,361.60,1.0000,-1,-1,-1
82,9,1753.70,403.40,96.90,260.40,0.9910,-1,-1,-1
83,0,1678.10,520.60,89.80,208.80,1.0000,-1,-1,-1
83,3,1454.70,388.80,146.40,347.30,1.0000,-1,-1,-1
83,6,1330.90,396.80,135.60,328.60,1.0000,-1,-1,-1
83,8,1135.40,386.00,145.40,361.60,1.0000,-1,-1,-1
83,9,1751.00,399.90,101.80,263.50,0.9500,-1,-1,-1
84,0,1678.30,526.20,88.40,205.10,1.0000,-1,-1,-1
84,3,1458.70,395.90,145.20,335.00,1.0000,-1,-1,-1
84,6,1335.70,398.90,133.80,325.50,1.0000,-1,-1,-1
84,8,1132.80,383.40,150.60,363.90,1.0000,-1,-1,-1
84,9,1754.90,399.10,97.70,264.80,0.7300,-1,-1,-1
85,0,1674.60,528.10,93.30,204.80,1.0000,-1,-1,-1
85,3,1461.30,391.20,146.50,342.10,1.0000,-1,-1,-1
85,6,1341.50,400.40,131.20,322.60,1.0000,-1,-1,-1
85,8,1126.20,389.10,154.80,362.10,1.0000,-1,-1,-1
85,9,1752.70,405.30,102.70,258.70,0.7350,-1,-1,-1
86,0,1677.70,529.20,88.60,201.30,1.0000,-1,-1,-1
86,3,1464.00,393.30,146.00,340.10,1.0000,-1,-1,-1
86,6,1347.30,403.70,129.90,320.00,1.0000,-1,-1,-1
86,8,1128.10,385.30,152.50,365.90,1.0000,-1,-1,-1
86,9,1755.80,401.90,99.90,259.80,0.9000,-1,-1,-1
87,0,1678.10,529.40,89.50,202.50,1.0000,-1,-1,-1
87,3,1463.40,394.50,145.60,332.20,1.0000,-1,-1,-1
87,4,1692.80,398.20,117.20,290.40,0.8790,-1,-1,-1
87,6,1354.80,407.30,128.50,321.90,1.0000,-1,-1,-1
87,8,1128.80,384.10,150.10,370.40,1.0000,-1,-1,-1
87,9,1761.10,406.40,100.60,255.20,0.9840,-1,-1,-1
88,0,1678.00,525.30,88.30,206.80,1.0000,-1,-1,-1
88,3,1466.40,395.70,144.00,330.50,1.0000,-1,-1,-1
88,4,1698.40,399.80,112.90,295.00,0.9180,-1,-1,-1
88,6,1359.10,407.80,129.60,322.00,1.0000,-1,-1,-1
88,8,1126.90,382.90,150.00,372.30,1.0000,-1,-1,-1
88,9,1765.10,405.10,90.90,250.70,0.7260,-1,-1,-1
89,0,1678.00,525.40,90.50,205.00,1.0000,-1,-1,-1
89,3,1468.40,392.90,148.00,326.10,1.0000,-1,-1,-1
89,6,1362.90,406.60,129.20,313.30,1.0000,-1,-1,-1
89,8,1124.20,388.40,151.90,360.20,1.0000,-1,-1,-1
90,0,1674.50,530.30,91.20,200.30,1.0000,-1,-1,-1
90,3,1473.80,393.10,141.70,330.50,1.0000,-1,-1,-1
90,4,1697.60,391.60,114.00,322.30,1.0000,-1,-1,-1
90,6,1367.40,411.80,127.60,300.80,1.0000,-1,-1,-1
90,8,1119.40,377.40,158.10,379.50,1.0000,-1,-1,-1
91,0,1673.20,530.60,91.20,202.10,1.0000,-1,-1,-1
91,3,1478.50,393.30,137.20,326.20,1.0000,-1,-1,-1
91,4,1701.30,390.50,110.10,320.70,1.0000,-1,-1,-1
91,6,1373.20,407.60,127.70,299.20,1.0000,-1,-1,-1
91,8,1119.80,381.70,151.90,366.70,1.0000,-1,-1,-1
92,0,1675.10,525.60,92.30,208.50,1.0000,-1,-1,-1
92,3,1483.40,393.80,139.00,322.90,1.0000,-1,-1,-1
92,4,1710.80,383.40,107.80,341.10,0.9990,-1,-1,-1
92,6,1375.90,406.00,128.60,300.00,1.0000,-1,-1,-1
92,8,1113.20,372.20,161.00,385.60,1.0000,-1,-1,-1
93,0,1675.20,524.60,93.70,209.00,1.0000,-1,-1,-1
93,3,1486.70,396.70,135.90,321.80,1.0000,-1,-1,-1
93,4,1712.00,387.30,107.80,326.90,1.0000,-1,-1,-1
93,6,1379.00,405.10,127.70,304.00,1.0000,-1,-1,-1
93,8,1112.10,372.60,159.10,382.70,1.0000,-1,-1,-1
94,0,1677.90,527.20,91.30,207.30,1.0000,-1,-1,-1
94,3,1489.50,388.40,133.60,331.50,1.0000,-1,-1,-1
94,4,1716.90,387.50,108.30,330.10,0.9990,-1,-1,-1
94,6,1387.70,414.40,126.70,303.10,1.0000,-1,-1,-1
94,8,1109.70,370.20,160.20,388.10,1.0000,-1,-1,-1
95,0,1681.80,525.20,90.60,210.60,1.0000,-1,-1,-1
95,3,1491.00,401.90,134.80,310.50,1.0000,-1,-1,-1
95,4,1719.70,390.80,110.20,323.10,0.9990,-1,-1,-1
95,6,1390.90,413.40,129.80,303.70,1.0000,-1,-1,-1
95,8,1107.20,371.10,161.20,387.80,1.0000,-1,-1,-1
96,0,1684.50,526.10,91.70,209.60,1.0000,-1,-1,-1
96,3,1491.60,398.80,133.40,322.70,1.0000,-1,-1,-1
96,4,1723.10,387.00,107.40,326.40,0.9990,-1,-1,-1
96,6,1393.60,406.00,130.00,310.90,1.0000,-1,-1,-1
96,8,1105.40,370.50,160.10,389.00,1.0000,-1,-1,-1
97,0,1690.50,526.80,95.90,211.00,1.0000,-1,-1,-1
97,3,1497.70,398.80,133.60,324.30,1.0000,-1,-1,-1
97,4,1727.00,388.10,106.80,321.70,0.9990,-1,-1,-1
97,6,1399.50,407.10,130.10,312.50,1.0000,-1,-1,-1
97,8,1102.60,368.20,161.80,394.90,1.0000,-1,-1,-1
98,0,1693.50,528.40,104.40,209.80,1.0000,-1,-1,-1
98,3,1500.10,397.70,134.60,323.50,1.0000,-1,-1,-1
98,4,1731.00,388.10,105.40,310.40,0.9990,-1,-1,-1
98,6,1405.00,408.80,126.40,308.00,1.0000,-1,-1,-1
98,8,1102.30,370.00,161.80,392.60,1.0000,-1,-1,-1
99,0,1702.30,521.00,102.80,213.80,1.0000,-1,-1,-1
99,3,1509.00,398.40,131.30,315.70,1.0000,-1,-1,-1
99,4,1740.30,390.80,104.80,321.70,0.9980,-1,-1,-1
99,6,1408.70,407.70,128.30,307.10,1.0000,-1,-1,-1
99,8,1100.50,370.50,162.50,392.70,1.0000,-1,-1,-1
100,0,1707.40,520.60,105.60,215.40,1.0000,-1,-1,-1
100,3,1510.50,397.00,135.70,314.20,1.0000,-1,-1,-1
100,6,1415.90,413.60,125.80,291.60,1.0000,-1,-1,-1
100,8,1099.90,371.70,163.60,393.20,1.0000,-1,-1,-1
101,0,1713.20,520.10,103.80,217.80,1.0000,-1,-1,-1
101,3,1517.00,395.10,133.20,313.10,1.0000,-1,-1,-1
101,6,1419.10,409.40,129.50,298.60,1.0000,-1,-1,-1
101,8,1099.30,371.70,164.40,395.30,1.0000,-1,-1,-1
102,0,1719.80,519.70,106.50,218.70,1.0000,-1,-1,-1
102,3,1521.70,398.50,133.10,317.30,1.0000,-1,-1,-1
102,6,1422.40,406.90,129.80,307.50,1.0000,-1,-1,-1
102,8,1098.40,367.90,162.30,403.50,1.0000,-1,-1,-1
102,4,1754.40,386.90,127.10,336.40,0.0580,-1,-1,-1
102,-1,4.20,223.80,171.10,757.60,0.9060,-1,-1,-1
103,0,1726.40,519.50,109.80,219.70,1.0000,-1,-1,-1
103,3,1528.10,399.70,131.20,310.50,1.0000,-1,-1,-1
103,6,1426.90,408.00,127.60,299.80,1.0000,-1,-1,-1
103,8,1097.30,367.10,165.00,404.80,1.0000,-1,-1,-1
103,10,1.00,206.70,190.90,788.80,0.9980,-1,-1,-1
104,0,1727.20,520.70,122.10,223.20,1.0000,-1,-1,-1
104,3,1537.00,402.40,128.80,314.20,1.0000,-1,-1,-1
104,6,1425.20,408.30,127.20,298.70,1.0000,-1,-1,-1
104,8,1100.40,357.60,159.20,416.70,1.0000,-1,-1,-1
104,10,1.50,211.40,195.50,796.20,1.0000,-1,-1,-1
105,0,1742.40,526.20,110.00,217.10,1.0000,-1,-1,-1
105,3,1538.10,410.40,133.00,305.40,1.0000,-1,-1,-1
105,6,1425.70,405.60,124.00,300.60,1.0000,-1,-1,-1
105,8,1097.40,357.00,160.50,419.30,1.0000,-1,-1,-1
105,10,7.70,243.40,187.10,755.20,1.0000,-1,-1,-1
106,0,1748.50,521.80,110.90,221.40,1.0000,-1,-1,-1
106,3,1543.20,407.50,130.80,307.90,1.0000,-1,-1,-1
106,6,1433.00,405.70,126.20,296.70,1.0000,-1,-1,-1
106,8,1095.00,356.80,161.80,418.50,1.0000,-1,-1,-1
106,10,14.50,242.50,247.00,749.90,1.0000,-1,-1,-1
107,0,1757.50,519.20,113.10,224.70,1.0000,-1,-1,-1
107,3,1545.50,406.40,133.00,298.90,1.0000,-1,-1,-1
107,6,1441.20,408.20,125.70,293.00,1.0000,-1,-1,-1
107,8,1090.90,361.40,161.30,425.40,1.0000,-1,-1,-1
107,10,22.90,247.20,290.50,744.80,1.0000,-1,-1,-1
108,0,1766.30,521.40,110.70,217.30,1.0000,-1,-1,-1
108,3,1553.80,399.90,133.60,309.50,1.0000,-1,-1,-1
108,6,1447.00,411.00,121.50,291.50,1.0000,-1,-1,-1
108,8,1087.00,360.00,162.40,428.60,1.0000,-1,-1,-1
108,10,35.10,249.60,338.10,738.10,1.0000,-1,-1,-1
108,-1,1693.40,438.30,69.10,223.40,0.0940,-1,-1,-1
109,0,1779.00,521.60,105.50,222.80,1.0000,-1,-1,-1
109,3,1560.80,404.40,128.30,307.60,1.0000,-1,-1,-1
109,6,1454.60,409.60,121.40,293.20,1.0000,-1,-1,-1
109,8,1082.20,356.60,163.60,429.50,1.0000,-1,-1,-1
109,10,34.00,251.70,395.70,732.60,1.0000,-1,-1,-1
109,-1,1691.70,429.50,94.70,237.80,0.4420,-1,-1,-1
110,0,1791.90,521.10,98.10,221.70,1.0000,-1,-1,-1
110,3,1568.40,406.20,129.10,301.30,1.0000,-1,-1,-1
110,6,1452.80,407.40,123.40,299.50,1.0000,-1,-1,-1
110,8,1078.60,358.70,163.00,428.80,1.0000,-1,-1,-1
110,10,46.00,261.70,399.00,715.50,1.0000,-1,-1,-1
110,-1,1688.40,432.60,106.70,230.60,0.9930,-1,-1,-1
111,0,1799.70,515.10,102.90,229.80,1.0000,-1,-1,-1
111,3,1572.20,408.50,130.40,300.30,1.0000,-1,-1,-1
111,6,1459.30,412.30,122.30,287.70,1.0000,-1,-1,-1
111,8,1073.70,360.50,166.70,429.30,1.0000,-1,-1,-1
111,10,42.40,271.80,421.00,705.00,1.0000,-1,-1,-1
111,11,1691.80,425.90,102.50,236.10,0.9900,-1,-1,-1
112,0,1810.00,521.90,99.90,219.00,1.0000,-1,-1,-1
112,3,1580.40,406.30,129.50,301.00,1.0000,-1,-1,-1
112,6,1464.70,415.20,121.80,287.50,1.0000,-1,-1,-1
112,8,1070.30,361.00,166.20,430.50,1.0000,-1,-1,-1
112,10,61.80,266.80,418.70,691.50,1.0000,-1,-1,-1
112,11,1695.50,425.40,93.90,234.20,0.9960,-1,-1,-1
113,0,1819.10,523.80,96.70,216.40,1.0000,-1,-1,-1
113,3,1585.90,406.10,127.60,298.20,1.0000,-1,-1,-1
113,6,1467.70,415.00,122.80,287.00,1.0000,-1,-1,-1
113,8,1067.60,359.20,168.00,434.00,1.0000,-1,-1,-1
113,10,78.60,272.50,413.60,671.90,1.0000,-1,-1,-1
113,11,1703.30,422.40,87.60,236.70,0.9980,-1,-1,-1
114,0,1820.20,529.50,100.80,222.60,1.0000,-1,-1,-1
114,3,1590.60,403.40,128.80,291.60,1.0000,-1,-1,-1
114,6,1473.10,415.60,121.20,277.90,1.0000,-1,-1,-1
114,8,1057.60,361.00,172.70,433.60,1.0000,-1,-1,-1
114,10,137.70,277.00,360.50,671.80,1.0000,-1,-1,-1
115,0,1821.70,521.20,99.30,226.30,1.0000,-1,-1,-1
115,3,1597.50,405.10,126.20,294.90,1.0000,-1,-1,-1
115,6,1477.20,414.80,120.90,280.50,1.0000,-1,-1,-1
115,8,1052.90,365.20,167.60,434.00,1.0000,-1,-1,-1
115,10,180.90,275.60,315.70,675.90,1.0000,-1,-1,-1
115,-1,1774.60,489.70,68.70,144.10,0.0630,-1,-1,-1
116,0,1833.80,525.20,87.20,219.70,1.0000,-1,-1,-1
116,3,1599.10,402.90,125.50,292.80,1.0000,-1,-1,-1
116,6,1479.10,413.30,121.00,280.90,1.0000,-1,-1,-1
116,8,1048.50,359.60,170.30,436.20,1.0000,-1,-1,-1
116,10,218.30,280.30,273.20,660.40,1.0000,-1,-1,-1
116,-1,1773.50,449.70,66.20,195.80,0.0720,-1,-1,-1
117,0,1847.20,529.70,73.80,225.20,0.9980,-1,-1,-1
117,3,1604.00,409.30,124.90,290.00,1.0000,-1,-1,-1
117,6,1483.30,411.80,118.30,279.90,1.0000,-1,-1,-1
117,8,1039.80,354.40,172.60,445.00,1.0000,-1,-1,-1
117,10,260.50,265.50,238.70,661.40,1.0000,-1,-1,-1
117,-1,1784.20,450.80,53.00,195.10,0.4710,-1,-1,-1
118,0,1858.60,531.20,62.40,220.20,0.9950,-1,-1,-1
118,3,1602.90,407.80,130.80,292.90,1.0000,-1,-1,-1
118,6,1488.90,410.80,116.30,278.20,1.0000,-1,-1,-1
118,8,1035.60,346.30,180.10,453.40,1.0000,-1,-1,-1
118,10,296.10,280.90,206.00,648.80,1.0000,-1,-1,-1
118,-1,1786.20,444.50,48.00,205.30,0.0870,-1,-1,-1
119,0,1840.20,369.50,80.80,362.90,0.9270,-1,-1,-1
119,3,1608.10,408.90,128.40,292.00,1.0000,-1,-1,-1
119,6,1491.50,409.50,120.70,280.00,1.0000,-1,-1,-1
119,8,1030.00,340.30,180.50,462.90,1.0000,-1,-1,-1
119,10,325.40,279.10,207.90,641.90,1.0000,-1,-1,-1
120,0,1841.80,365.60,79.20,374.60,0.8650,-1,-1,-1
120,3,1611.20,407.70,129.80,291.90,1.0000,-1,-1,-1
120,6,1493.00,409.20,124.60,284.10,1.0000,-1,-1,-1
120,8,1023.30,338.80,184.30,466.80,1.0000,-1,-1,-1
120,10,336.70,285.50,210.30,633.90,1.0000,-1,-1,-1
121,0,1848.10,369.40,72.90,366.20,0.8000,-1,-1,-1
121,3,1617.20,410.70,127.20,287.10,1.0000,-1,-1,-1
121,6,1501.80,409.60,118.60,278.30,1.0000,-1,-1,-1
121,8,1024.50,348.10,177.90,462.40,1.0000,-1,-1,-1
121,10,343.10,283.00,231.50,634.20,1.0000,-1,-1,-1
121,-1,1784.40,455.30,69.20,189.50,0.9870,-1,-1,-1
122,3,1621.00,409.90,126.50,287.40,1.0000,-1,-1,-1
122,6,1505.60,414.00,116.60,272.50,1.0000,-1,-1,-1
122,8,1016.30,347.70,178.90,463.90,1.0000,-1,-1,-1
122,10,367.10,295.10,246.80,622.10,1.0000,-1,-1,-1
122,12,1789.60,450.70,66.30,193.70,0.9990,-1,-1,-1
122,0,1853.10,379.30,67.90,357.90,0.1740,-1,-1,-1
123,3,1624.60,408.30,124.60,289.50,1.0000,-1,-1,-1
123,6,1511.80,416.50,114.00,268.90,1.0000,-1,-1,-1
123,8,1006.60,349.10,192.70,463.70,1.0000,-1,-1,-1
123,10,370.50,293.60,259.00,613.70,1.0000,-1,-1,-1
123,12,1792.30,449.50,65.50,191.80,1.0000,-1,-1,-1
123,0,1857.90,366.00,63.10,369.00,0.1930,-1,-1,-1
124,3,1631.70,402.80,123.70,292.40,1.0000,-1,-1,-1
124,6,1514.50,419.10,112.30,268.40,1.0000,-1,-1,-1
124,8,1005.30,348.00,186.30,474.50,1.0000,-1,-1,-1
124,10,380.00,294.70,273.40,612.70,1.0000,-1,-1,-1
124,12,1795.10,449.30,65.00,190.20,1.0000,-1,-1,-1
124,-1,1161.00,462.60,60.30,189.80,0.4900,-1,-1,-1
125,3,1636.50,409.90,125.10,286.20,1.0000,-1,-1,-1
125,6,1514.60,417.70,113.70,270.90,1.0000,-1,-1,-1
125,8,998.30,341.60,195.00,482.80,1.0000,-1,-1,-1
125,10,380.00,299.60,287.80,609.40,1.0000,-1,-1,-1
125,12,1799.00,449.50,63.90,190.60,0.9990,-1,-1,-1
125,0,1864.50,367.60,56.50,376.30,0.0580,-1,-1,-1
125,-1,1161.70,459.30,63.00,193.00,0.9620,-1,-1,-1
126,3,1638.50,405.00,127.00,289.80,1.0000,-1,-1,-1
126,6,1517.90,415.50,116.30,275.70,1.0000,-1,-1,-1
126,8,993.90,348.90,190.80,473.20,1.0000,-1,-1,-1
126,10,390.70,300.10,300.80,609.90,1.0000,-1,-1,-1
126,12,1800.80,449.50,65.40,190.30,0.9990,-1,-1,-1
126,13,1159.00,459.80,65.40,192.30,0.9880,-1,-1,-1
127,3,1640.90,406.40,129.10,289.90,1.0000,-1,-1,-1
127,6,1521.50,414.60,116.70,274.10,1.0000,-1,-1,-1
127,8,978.90,346.80,205.30,481.90,1.0000,-1,-1,-1
127,10,424.20,295.20,270.20,618.80,1.0000,-1,-1,-1
127,12,1804.70,453.30,64.70,184.60,1.0000,-1,-1,-1
127,13,1163.60,460.70,65.40,189.30,0.9980,-1,-1,-1
128,3,1644.00,415.00,125.20,279.80,1.0000,-1,-1,-1
128,6,1525.30,415.40,114.80,271.60,1.0000,-1,-1,-1
128,8,977.90,339.10,202.80,491.20,1.0000,-1,-1,-1
128,10,444.80,303.70,256.60,602.70,1.0000,-1,-1,-1
128,12,1806.90,453.70,64.30,182.70,1.0000,-1,-1,-1
128,13,1168.40,459.30,64.30,192.60,0.9990,-1,-1,-1
129,3,1648.40,412.20,124.30,283.80,1.0000,-1,-1,-1
129,6,1530.30,416.00,114.30,267.40,1.0000,-1,-1,-1
129,8,962.40,334.20,214.40,491.20,1.0000,-1,-1,-1
129,10,486.60,298.90,221.40,585.40,1.0000,-1,-1,-1
129,12,1808.90,454.90,64.50,182.80,1.0000,-1,-1,-1
129,13,1172.40,453.20,64.70,200.10,1.0000,-1,-1,-1
130,3,1650.00,414.40,123.00,280.50,1.0000,-1,-1,-1
130,6,1535.30,417.10,113.70,263.10,1.0000,-1,-1,-1
130,8,958.00,329.30,212.20,503.40,1.0000,-1,-1,-1
130,10,502.60,295.70,210.60,586.00,1.0000,-1,-1,-1
130,12,1810.20,453.00,63.60,186.30,1.0000,-1,-1,-1
130,13,1176.40,453.20,63.90,199.40,0.9990,-1,-1,-1
131,3,1653.80,410.80,123.50,288.60,1.0000,-1,-1,-1
131,6,1540.70,411.00,113.20,268.30,1.0000,-1,-1,-1
131,8,951.80,327.50,213.40,501.40,1.0000,-1,-1,-1
131,10,527.40,296.00,194.20,576.50,1.0000,-1,-1,-1
131,12,1810.60,451.70,64.80,187.70,1.0000,-1,-1,-1
131,13,1181.80,455.40,62.70,195.70,1.0000,-1,-1,-1
132,3,1659.50,412.40,122.20,278.20,1.0000,-1,-1,-1
132,6,1545.10,412.80,112.50,270.50,1.0000,-1,-1,-1
132,8,942.40,328.70,209.50,500.70,1.0000,-1,-1,-1
132,10,551.60,307.50,178.80,559.50,1.0000,-1,-1,-1
132,12,1812.60,453.80,63.90,184.20,1.0000,-1,-1,-1
132,13,1185.20,453.10,61.20,198.40,1.0000,-1,-1,-1
133,3,1660.40,411.20,122.90,280.50,1.0000,-1,-1,-1
133,6,1549.90,414.70,113.60,269.20,1.0000,-1,-1,-1
133,8,940.50,328.10,206.60,499.50,1.0000,-1,-1,-1
133,10,565.50,306.10,189.60,555.00,1.0000,-1,-1,-1
133,12,1814.90,453.40,62.30,185.30,1.0000,-1,-1,-1
133,13,1190.00,458.10,61.00,194.90,1.0000,-1,-1,-1
134,3,1665.50,415.00,122.10,275.10,1.0000,-1,-1,-1
134,6,1554.00,417.50,113.70,264.10,1.0000,-1,-1,-1
134,8,926.70,323.60,215.20,513.40,1.0000,-1,-1,-1
134,10,577.30,307.40,220.90,553.90,1.0000,-1,-1,-1
134,12,1821.40,453.60,58.20,185.90,1.0000,-1,-1,-1
134,13,1193.00,454.90,62.80,196.30,1.0000,-1,-1,-1
135,3,1671.80,414.00,120.90,280.50,1.0000,-1,-1,-1
135,6,1557.00,417.80,110.70,263.20,1.0000,-1,-1,-1
135,8,917.10,316.60,217.90,526.20,1.0000,-1,-1,-1
135,10,586.80,318.30,235.00,536.40,1.0000,-1,-1,-1
135,12,1823.60,454.20,56.80,184.10,1.0000,-1,-1,-1
135,13,1196.60,455.40,64.20,193.80,1.0000,-1,-1,-1
136,3,1678.10,410.20,121.00,282.10,1.0000,-1,-1,-1
136,6,1558.30,418.30,113.10,263.80,1.0000,-1,-1,-1
136,8,907.40,326.70,223.70,518.70,1.0000,-1,-1,-1
136,10,589.70,327.20,259.70,525.60,1.0000,-1,-1,-1
136,12,1823.00,455.20,59.20,184.00,1.0000,-1,-1,-1
136,13,1201.00,456.20,65.00,193.40,1.0000,-1,-1,-1
137,3,1685.10,410.60,121.00,277.50,1.0000,-1,-1,-1
137,6,1565.20,418.40,109.40,264.50,1.0000,-1,-1,-1
137,8,900.40,324.80,221.10,526.40,1.0000,-1,-1,-1
137,10,605.30,328.40,253.20,523.70,1.0000,-1,-1,-1
137,12,1825.30,454.20,61.80,184.80,1.0000,-1,-1,-1
137,13,1204.10,453.80,64.50,196.50,1.0000,-1,-1,-1
138,3,1689.30,411.70,123.20,275.80,1.0000,-1,-1,-1
138,6,1567.30,417.80,112.00,265.00,1.0000,-1,-1,-1
138,8,894.20,326.20,222.50,530.70,1.0000,-1,-1,-1
138,10,608.20,327.20,248.30,526.20,1.0000,-1,-1,-1
138,12,1828.50,455.90,58.90,181.00,1.0000,-1,-1,-1
138,13,1207.80,455.00,64.70,195.30,1.0000,-1,-1,-1
139,3,1691.30,411.60,122.60,274.80,1.0000,-1,-1,-1
139,6,1573.60,421.10,107.40,252.60,1.0000,-1,-1,-1
139,8,882.80,320.90,230.90,535.10,1.0000,-1,-1,-1
139,10,620.60,324.20,242.80,526.40,1.0000,-1,-1,-1
139,12,1829.00,456.00,60.40,183.40,0.9990,-1,-1,-1
139,13,1213.40,453.60,62.90,195.50,1.0000,-1,-1,-1
140,3,1691.80,411.00,122.00,275.30,1.0000,-1,-1,-1
140,6,1576.30,419.00,107.50,253.40,1.0000,-1,-1,-1
140,8,879.70,311.60,223.90,542.60,1.0000,-1,-1,-1
140,10,627.70,329.80,239.80,514.80,1.0000,-1,-1,-1
140,12,1828.90,458.00,61.10,180.30,0.9990,-1,-1,-1
140,13,1216.40,452.60,64.10,196.30,1.0000,-1,-1,-1
141,3,1690.90,414.70,124.50,268.30,1.0000,-1,-1,-1
141,6,1578.20,417.60,106.30,254.60,1.0000,-1,-1,-1
141,8,869.20,315.90,228.20,543.50,1.0000,-1,-1,-1
141,10,647.40,323.50,225.10,524.80,1.0000,-1,-1,-1
141,12,1829.50,454.10,62.60,184.60,0.9990,-1,-1,-1
141,13,1220.50,452.20,62.70,197.80,1.0000,-1,-1,-1
142,3,1696.10,410.60,120.00,272.50,1.0000,-1,-1,-1
142,6,1583.10,415.60,105.30,257.50,1.0000,-1,-1,-1
142,8,857.50,309.00,235.30,543.50,1.0000,-1,-1,-1
142,10,664.30,324.50,214.30,521.90,1.0000,-1,-1,-1
142,12,1834.40,451.90,62.70,181.60,0.9990,-1,-1,-1
142,13,1225.10,452.90,61.30,194.80,1.0000,-1,-1,-1
143,3,1696.30,414.40,123.20,268.70,1.0000,-1,-1,-1
143,6,1588.20,417.40,108.50,257.30,1.0000,-1,-1,-1
143,8,856.50,299.30,222.00,552.60,1.0000,-1,-1,-1
143,10,691.70,330.30,188.50,500.70,1.0000,-1,-1,-1
143,12,1839.10,454.90,59.20,177.00,1.0000,-1,-1,-1
143,13,1228.50,453.00,60.90,194.20,1.0000,-1,-1,-1
144,3,1699.90,414.10,121.40,272.60,1.0000,-1,-1,-1
144,6,1591.50,415.70,111.50,258.30,1.0000,-1,-1,-1
144,8,848.20,302.80,221.10,550.00,1.0000,-1,-1,-1
144,10,722.70,322.70,158.10,511.00,1.0000,-1,-1,-1
144,12,1840.30,454.90,60.60,176.70,1.0000,-1,-1,-1
144,13,1234.70,453.20,62.10,194.40,1.0000,-1,-1,-1
145,3,1705.40,416.10,114.50,266.70,1.0000,-1,-1,-1
145,6,1596.00,417.20,110.30,257.10,1.0000,-1,-1,-1
145,8,831.40,308.60,228.60,564.50,1.0000,-1,-1,-1
145,10,743.30,319.20,146.00,503.40,0.9980,-1,-1,-1
145,12,1842.70,454.80,59.20,177.40,1.0000,-1,-1,-1
145,13,1236.40,452.40,63.00,197.00,1.0000,-1,-1,-1
146,3,1706.20,415.20,120.30,268.10,1.0000,-1,-1,-1
146,6,1601.90,422.00,108.00,249.90,1.0000,-1,-1,-1
146,8,830.00,301.40,231.30,568.20,1.0000,-1,-1,-1
146,12,1844.50,447.20,59.20,187.20,0.9990,-1,-1,-1
146,13,1238.10,452.20,63.40,196.30,1.0000,-1,-1,-1
147,3,1710.40,410.70,121.40,268.30,1.0000,-1,-1,-1
147,6,1609.30,423.30,103.50,249.70,1.0000,-1,-1,-1
147,8,809.80,309.30,241.40,566.00,1.0000,-1,-1,-1
147,13,1242.90,453.10,64.70,197.40,1.0000,-1,-1,-1
147,12,1844.60,438.60,58.90,199.10,0.3080,-1,-1,-1
148,3,1709.90,411.70,124.90,266.40,1.0000,-1,-1,-1
148,6,1610.10,422.90,102.90,247.90,1.0000,-1,-1,-1
148,8,805.00,307.30,236.50,574.50,1.0000,-1,-1,-1
148,13,1248.10,454.60,62.10,195.80,1.0000,-1,-1,-1
149,3,1716.50,410.50,118.20,266.60,1.0000,-1,-1,-1
149,6,1616.10,423.40,102.90,246.50,1.0000,-1,-1,-1
149,8,787.20,307.00,243.60,567.90,1.0000,-1,-1,-1
149,13,1249.90,452.80,65.30,198.90,1.0000,-1,-1,-1
150,3,1720.60,410.60,119.20,271.20,1.0000,-1,-1,-1
150,6,1620.40,419.60,102.60,253.60,1.0000,-1,-1,-1
150,8,781.70,291.70,239.30,595.20,1.0000,-1,-1,-1
150,13,1254.70,453.00,62.80,198.70,1.0000,-1,-1,-1
151,3,1722.60,411.70,118.90,269.40,1.0000,-1,-1,-1
151,6,1624.50,417.60,101.90,255.20,1.0000,-1,-1,-1
151,8,774.70,287.70,235.80,593.70,1.0000,-1,-1,-1
151,13,1259.30,455.30,61.60,194.70,1.0000,-1,-1,-1
152,3,1725.10,414.50,122.50,266.60,1.0000,-1,-1,-1
152,6,1627.20,417.60,101.60,252.00,1.0000,-1,-1,-1
152,8,767.30,287.80,231.80,607.60,1.0000,-1,-1,-1
152,13,1262.90,453.50,63.60,195.40,1.0000,-1,-1,-1
153,3,1730.80,421.40,114.20,253.80,1.0000,-1,-1,-1
153,6,1633.20,419.70,101.60,249.70,1.0000,-1,-1,-1
153,8,755.00,290.40,245.00,598.70,1.0000,-1,-1,-1
153,13,1264.80,454.40,65.10,194.50,1.0000,-1,-1,-1
154,3,1731.10,419.50,118.80,259.10,1.0000,-1,-1,-1
154,6,1636.50,418.50,102.40,250.90,1.0000,-1,-1,-1
154,8,740.60,280.50,253.10,619.60,1.0000,-1,-1,-1
154,13,1268.50,455.50,64.40,194.90,1.0000,-1,-1,-1
155,3,1736.50,421.10,115.90,255.40,1.0000,-1,-1,-1
155,6,1636.90,414.50,101.50,257.60,1.0000,-1,-1,-1
155,8,729.60,275.80,249.00,625.20,1.0000,-1,-1,-1
155,13,1274.30,455.00,63.10,195.70,1.0000,-1,-1,-1
156,3,1737.70,419.40,121.00,257.50,1.0000,-1,-1,-1
156,6,1643.30,419.10,100.20,249.20,1.0000,-1,-1,-1
156,8,725.50,277.80,249.90,618.90,1.0000,-1,-1,-1
156,13,1279.70,453.20,62.40,196.20,1.0000,-1,-1,-1
157,3,1745.50,420.30,115.20,257.70,1.0000,-1,-1,-1
157,6,1648.10,422.10,102.90,243.60,1.0000,-1,-1,-1
157,8,708.60,285.10,258.10,613.80,1.0000,-1,-1,-1
157,13,1283.20,451.90,64.50,198.10,1.0000,-1,-1,-1
158,3,1749.40,419.40,114.70,259.10,1.0000,-1,-1,-1
158,6,1653.10,423.60,101.20,243.40,1.0000,-1,-1,-1
158,8,706.90,274.20,251.00,628.50,1.0000,-1,-1,-1
158,13,1285.50,450.30,64.40,201.30,1.0000,-1,-1,-1
158,-1,912.90,354.10,118.30,424.90,0.7500,-1,-1,-1
159,3,1751.10,417.40,121.00,250.70,1.0000,-1,-1,-1
159,6,1655.90,424.10,101.50,242.20,1.0000,-1,-1,-1
159,8,683.90,268.10,260.80,651.60,1.0000,-1,-1,-1
159,13,1291.70,450.30,62.10,200.70,1.0000,-1,-1,-1
159,14,911.30,343.30,141.90,441.20,0.9990,-1,-1,-1
160,3,1755.10,419.50,117.50,248.90,1.0000,-1,-1,-1
160,6,1658.00,418.90,98.40,251.10,1.0000,-1,-1,-1
160,8,671.90,263.50,262.10,664.20,1.0000,-1,-1,-1
160,13,1295.20,450.60,62.50,201.60,1.0000,-1,-1,-1
160,14,914.70,339.60,147.00,451.70,1.0000,-1,-1,-1
161,3,1758.80,415.30,114.20,250.60,1.0000,-1,-1,-1
161,6,1663.90,422.60,96.60,249.30,1.0000,-1,-1,-1
161,8,660.90,285.40,268.00,648.40,1.0000,-1,-1,-1
161,13,1298.50,452.30,62.00,200.50,1.0000,-1,-1,-1
161,14,919.70,345.70,159.70,445.80,1.0000,-1,-1,-1
162,3,1762.70,416.90,117.30,251.60,1.0000,-1,-1,-1
162,6,1671.80,429.10,95.10,237.50,1.0000,-1,-1,-1
162,8,650.10,277.00,265.40,660.80,1.0000,-1,-1,-1
162,13,1303.50,454.90,62.10,194.60,1.0000,-1,-1,-1
162,14,927.80,353.10,168.10,436.50,1.0000,-1,-1,-1
163,3,1763.20,419.40,118.30,242.30,1.0000,-1,-1,-1
163,6,1672.70,422.80,98.10,243.90,1.0000,-1,-1,-1
163,8,636.80,275.20,277.30,657.30,1.0000,-1,-1,-1
163,13,1304.10,451.90,65.40,195.90,1.0000,-1,-1,-1
163,14,937.20,355.20,168.20,432.90,1.0000,-1,-1,-1
164,3,1767.90,418.30,118.40,248.00,1.0000,-1,-1,-1
164,6,1675.60,424.50,96.80,239.70,1.0000,-1,-1,-1
164,8,627.80,267.50,275.80,661.60,1.0000,-1,-1,-1
164,13,1312.80,453.50,61.20,195.10,1.0000,-1,-1,-1
164,14,936.60,364.00,175.80,424.70,1.0000,-1,-1,-1
164,-1,1155.80,483.20,52.90,169.20,0.0890,-1,-1,-1
165,3,1773.70,419.20,113.20,248.00,1.0000,-1,-1,-1
165,6,1680.50,422.60,97.90,240.50,1.0000,-1,-1,-1
165,8,608.40,262.00,274.90,682.70,1.0000,-1,-1,-1
165,13,1314.80,452.90,63.70,195.60,1.0000,-1,-1,-1
165,14,944.10,360.90,176.50,426.30,1.0000,-1,-1,-1
165,-1,1152.40,474.50,64.80,173.60,1.0000,-1,-1,-1
166,3,1778.70,422.20,113.20,248.00,1.0000,-1,-1,-1
166,6,1684.50,419.00,97.90,245.00,1.0000,-1,-1,-1
166,8,599.60,258.50,282.30,689.10,1.0000,-1,-1,-1
166,13,1317.40,452.30,64.00,196.30,1.0000,-1,-1,-1
166,14,962.90,366.00,162.20,416.60,1.0000,-1,-1,-1
166,15,1157.10,474.70,62.30,168.70,1.0000,-1,-1,-1
167,3,1778.70,422.00,115.30,247.10,1.0000,-1,-1,-1
167,6,1686.70,425.70,99.80,235.00,1.0000,-1,-1,-1
167,8,589.20,247.20,268.00,702.20,1.0000,-1,-1,-1
167,13,1321.70,450.60,65.80,195.50,1.0000,-1,-1,-1
167,14,969.00,361.20,167.80,414.00,1.0000,-1,-1,-1
167,15,1161.90,473.00,63.70,169.10,1.0000,-1,-1,-1
168,3,1781.50,421.70,118.40,245.90,1.0000,-1,-1,-1
168,6,1691.90,424.30,95.80,232.10,1.0000,-1,-1,-1
168,8,569.00,242.00,277.90,712.90,1.0000,-1,-1,-1
168,13,1326.50,451.10,65.70,196.40,0.9990,-1,-1,-1
168,14,984.90,359.60,155.30,416.00,1.0000,-1,-1,-1
168,15,1166.60,474.20,65.00,167.00,1.0000,-1,-1,-1
169,3,1789.40,425.50,112.50,241.40,1.0000,-1,-1,-1
169,6,1701.00,423.90,95.00,237.60,1.0000,-1,-1,-1
169,8,556.50,238.10,283.40,712.40,1.0000,-1,-1,-1
169,13,1329.20,450.80,65.80,199.20,1.0000,-1,-1,-1
169,14,993.90,359.30,151.40,415.80,1.0000,-1,-1,-1
169,15,1170.80,473.30,65.40,166.50,1.0000,-1,-1,-1
170,3,1789.50,422.80,117.40,242.20,1.0000,-1,-1,-1
170,6,1702.30,425.80,100.60,234.20,1.0000,-1,-1,-1
170,8,548.80,233.60,267.70,727.50,1.0000,-1,-1,-1
170,13,1332.70,448.30,67.70,200.00,1.0000,-1,-1,-1
170,14,1007.80,357.90,146.10,417.90,1.0000,-1,-1,-1
170,15,1171.80,473.20,68.30,170.00,1.0000,-1,-1,-1
171,3,1791.80,422.00,116.20,243.30,1.0000,-1,-1,-1
171,6,1706.10,425.40,96.60,233.40,1.0000,-1,-1,-1
171,8,537.60,229.10,271.40,740.60,1.0000,-1,-1,-1
171,13,1336.20,449.20,63.30,197.20,1.0000,-1,-1,-1
171,14,1019.80,356.00,145.30,414.30,1.0000,-1,-1,-1
171,15,1176.30,473.50,68.00,169.20,1.0000,-1,-1,-1
172,3,1801.20,411.40,108.00,256.80,1.0000,-1,-1,-1
172,6,1714.90,424.40,90.90,233.90,1.0000,-1,-1,-1
172,8,516.10,239.00,276.30,727.00,1.0000,-1,-1,-1
172,13,1341.60,449.90,63.40,196.60,1.0000,-1,-1,-1
172,14,1034.00,355.70,139.80,413.30,1.0000,-1,-1,-1
172,15,1183.60,472.80,64.30,168.00,1.0000,-1,-1,-1
173,3,1807.80,415.50,105.40,253.80,1.0000,-1,-1,-1
173,6,1716.90,421.90,92.70,236.60,1.0000,-1,-1,-1
173,8,501.60,257.90,290.20,720.10,1.0000,-1,-1,-1
173,13,1345.60,449.00,63.10,193.00,1.0000,-1,-1,-1
173,14,1039.80,362.50,138.80,407.30,1.0000,-1,-1,-1
173,15,1187.30,470.00,64.10,168.50,1.0000,-1,-1,-1
174,3,1810.60,417.10,102.80,248.00,1.0000,-1,-1,-1
174,6,1719.00,421.70,89.20,231.40,1.0000,-1,-1,-1
174,8,489.70,244.10,269.70,738.50,1.0000,-1,-1,-1
174,13,1349.20,449.30,63.20,195.90,1.0000,-1,-1,-1
174,14,1039.80,366.50,148.10,400.80,1.0000,-1,-1,-1
174,15,1189.90,466.90,68.90,173.40,1.0000,-1,-1,-1
175,3,1808.10,414.60,112.80,249.90,0.9990,-1,-1,-1
175,6,1728.40,421.00,88.70,237.10,1.0000,-1,-1,-1
175,8,471.90,242.20,275.80,740.90,1.0000,-1,-1,-1
175,13,1353.90,450.50,65.80,197.30,1.0000,-1,-1,-1
175,14,1051.10,368.50,144.90,398.60,1.0000,-1,-1,-1
175,15,1193.40,466.90,68.00,180.60,1.0000,-1,-1,-1
176,3,1806.40,419.40,108.70,243.50,1.0000,-1,-1,-1
176,6,1729.60,419.80,88.70,237.80,1.0000,-1,-1,-1
176,8,452.30,237.70,287.70,751.00,1.0000,-1,-1,-1
176,13,1356.80,452.00,65.20,195.40,1.0000,-1,-1,-1
176,14,1054.60,364.10,149.40,400.30,1.0000,-1,-1,-1
176,15,1199.90,468.70,63.80,176.00,1.0000,-1,-1,-1
177,3,1832.30,405.10,88.70,264.80,0.7470,-1,-1,-1
177,6,1733.30,422.70,92.40,235.00,1.0000,-1,-1,-1
177,8,441.50,223.30,299.40,783.90,1.0000,-1,-1,-1
177,13,1361.00,450.90,61.50,199.00,1.0000,-1,-1,-1
177,14,1060.50,362.70,153.00,412.70,1.0000,-1,-1,-1
177,15,1205.50,467.60,65.60,180.50,1.0000,-1,-1,-1
177,-1,1.00,286.00,158.60,626.30,0.9000,-1,-1,-1
178,3,1853.20,381.90,67.80,300.40,0.6790,-1,-1,-1
178,6,1734.30,424.60,93.80,232.10,1.0000,-1,-1,-1
178,8,419.50,231.80,294.20,787.30,1.0000,-1,-1,-1
178,13,1363.80,453.00,65.80,196.00,1.0000,-1,-1,-1
178,14,1066.10,372.90,155.60,388.70,1.0000,-1,-1,-1
178,15,1209.90,467.60,64.80,179.10,1.0000,-1,-1,-1
178,16,1.00,264.90,190.00,679.60,0.9890,-1,-1,-1
179,3,1849.30,385.90,71.70,294.40,0.9330,-1,-1,-1
179,6,1736.10,423.60,94.90,231.90,1.0000,-1,-1,-1
179,8,403.70,227.80,303.60,788.40,1.0000,-1,-1,-1
179,13,1364.50,451.00,66.90,197.20,1.0000,-1,-1,-1
179,14,1072.70,375.70,157.00,392.40,1.0000,-1,-1,-1
179,15,1212.80,469.70,63.30,173.70,1.0000,-1,-1,-1
179,16,1.00,275.20,214.00,660.20,0.9990,-1,-1,-1
180,3,1847.00,388.60,74.00,290.90,0.9990,-1,-1,-1
180,6,1743.90,424.80,96.80,229.50,1.0000,-1,-1,-1
180,8,397.10,197.80,291.20,805.60,1.0000,-1,-1,-1
180,13,1370.70,451.10,65.80,196.60,1.0000,-1,-1,-1
180,14,1092.10,371.30,145.10,384.50,1.0000,-1,-1,-1
180,15,1213.20,471.90,67.30,170.40,0.9990,-1,-1,-1
180,16,1.00,265.40,237.10,680.70,1.0000,-1,-1,-1
181,3,1842.80,388.30,78.20,288.90,0.9990,-1,-1,-1
181,6,1748.00,425.70,93.50,229.50,1.0000,-1,-1,-1
181,8,384.30,226.70,286.00,795.00,1.0000,-1,-1,-1
181,13,1375.60,450.90,62.80,192.40,1.0000,-1,-1,-1
181,14,1102.80,374.60,133.80,381.90,1.0000,-1,-1,-1
181,15,1219.80,468.70,66.20,176.90,0.9990,-1,-1,-1
181,16,1.70,284.10,252.10,663.10,1.0000,-1,-1,-1
182,3,1831.40,383.10,89.60,291.30,0.9990,-1,-1,-1
182,6,1754.60,425.30,85.90,234.70,1.0000,-1,-1,-1
182,8,348.20,225.60,311.80,796.30,1.0000,-1,-1,-1
182,13,1382.50,455.10,62.20,190.00,1.0000,-1,-1,-1
182,14,1115.50,367.00,133.10,384.90,1.0000,-1,-1,-1
182,15,1226.10,472.20,62.80,170.50,0.9980,-1,-1,-1
182,16,1.00,277.80,275.50,670.50,1.0000,-1,-1,-1
182,-1,1713.60,433.90,66.30,190.50,0.2070,-1,-1,-1
183,3,1823.70,387.30,97.30,294.20,0.9990,-1,-1,-1
183,6,1757.30,428.20,90.70,231.30,0.9990,-1,-1,-1
183,8,317.80,216.60,328.10,810.80,1.0000,-1,-1,-1
183,13,1384.90,454.30,62.30,193.10,1.0000,-1,-1,-1
183,14,1129.40,373.70,121.50,373.60,1.0000,-1,-1,-1
183,15,1228.30,469.20,64.10,174.00,0.9940,-1,-1,-1
183,16,1.00,284.20,277.90,663.10,1.0000,-1,-1,-1
183,-1,1718.60,423.10,57.90,206.50,0.1920,-1,-1,-1
184,3,1809.20,388.90,111.80,291.80,0.9990,-1,-1,-1
184,6,1748.20,431.70,97.30,225.80,0.9430,-1,-1,-1
184,8,293.20,201.40,350.80,822.40,1.0000,-1,-1,-1
184,13,1387.10,450.50,63.30,197.10,1.0000,-1,-1,-1
184,14,1133.20,365.20,126.20,379.20,1.0000,-1,-1,-1
184,15,1230.10,475.50,58.00,155.60,0.6920,-1,-1,-1
184,16,3.80,281.30,293.10,659.20,1.0000,-1,-1,-1
185,3,1781.50,388.80,139.50,286.40,0.9990,-1,-1,-1
185,6,1720.10,414.40,77.80,231.20,0.9940,-1,-1,-1
185,8,261.40,208.10,383.50,835.70,1.0000,-1,-1,-1
185,13,1391.20,452.80,63.20,193.90,1.0000,-1,-1,-1
185,14,1144.20,374.90,126.40,373.60,1.0000,-1,-1,-1
185,16,1.00,274.30,281.40,665.40,1.0000,-1,-1,-1
185,15,1246.80,474.40,50.30,164.70,0.3100,-1,-1,-1
186,3,1776.10,391.20,144.90,280.40,0.9990,-1,-1,-1
186,6,1720.20,411.70,85.30,236.60,0.9850,-1,-1,-1
186,8,232.50,214.70,394.60,832.00,1.0000,-1,-1,-1
186,13,1395.30,452.50,65.10,195.20,1.0000,-1,-1,-1
186,14,1147.70,377.40,136.20,370.20,1.0000,-1,-1,-1
186,16,1.00,293.40,279.90,633.00,0.9990,-1,-1,-1
187,3,1769.40,401.00,151.10,280.60,1.0000,-1,-1,-1
187,8,220.10,200.00,365.40,850.90,1.0000,-1,-1,-1
187,13,1401.20,451.90,61.90,193.90,1.0000,-1,-1,-1
187,14,1152.20,372.50,146.50,375.20,1.0000,-1,-1,-1
187,16,1.60,290.90,284.20,670.10,1.0000,-1,-1,-1
187,6,1722.60,420.30,77.50,217.70,0.3400,-1,-1,-1
188,3,1766.80,390.60,140.90,288.40,1.0000,-1,-1,-1
188,8,214.70,182.70,366.90,866.10,1.0000,-1,-1,-1
188,13,1404.00,450.30,63.70,195.20,1.0000,-1,-1,-1
188,14,1156.40,382.50,157.10,362.70,1.0000,-1,-1,-1
188,16,4.40,268.40,281.60,663.70,0.9990,-1,-1,-1
188,6,1728.60,431.60,67.20,193.20,0.1650,-1,-1,-1
189,3,1763.70,396.00,137.00,291.90,1.0000,-1,-1,-1
189,8,194.90,190.90,363.90,858.40,1.0000,-1,-1,-1
189,13,1408.00,450.10,62.90,196.00,1.0000,-1,-1,-1
189,14,1160.80,382.40,165.00,365.00,1.0000,-1,-1,-1
189,16,30.30,275.70,260.60,686.30,0.9990,-1,-1,-1
189,6,1730.30,437.80,65.00,185.60,0.0770,-1,-1,-1
190,3,1758.20,393.50,134.50,287.60,1.0000,-1,-1,-1
190,8,170.80,180.60,375.30,879.00,1.0000,-1,-1,-1
190,13,1413.90,449.10,63.80,193.10,1.0000,-1,-1,-1
190,14,1168.90,381.30,167.00,367.30,1.0000,-1,-1,-1
190,16,60.90,263.10,215.70,663.40,0.7690,-1,-1,-1
191,3,1751.90,388.70,129.60,294.40,1.0000,-1,-1,-1
191,8,172.30,179.50,346.50,887.20,1.0000,-1,-1,-1
191,13,1415.80,450.60,63.90,196.20,1.0000,-1,-1,-1
191,14,1180.40,381.10,157.70,365.70,1.0000,-1,-1,-1
192,3,1744.10,386.70,122.90,295.40,1.0000,-1,-1,-1
192,8,144.20,176.60,353.40,904.40,1.0000,-1,-1,-1
192,13,1419.80,448.50,66.00,201.90,1.0000,-1,-1,-1
192,14,1191.40,383.80,149.90,359.00,1.0000,-1,-1,-1
192,-1,1827.30,386.90,93.70,279.20,0.0850,-1,-1,-1
193,3,1733.60,393.30,114.90,286.50,1.0000,-1,-1,-1
193,8,118.40,175.80,359.20,905.20,1.0000,-1,-1,-1
193,13,1422.70,450.50,64.80,194.50,1.0000,-1,-1,-1
193,14,1201.30,385.00,143.20,351.70,1.0000,-1,-1,-1
193,-1,1808.10,391.30,112.90,284.80,0.8980,-1,-1,-1
194,3,1725.40,391.90,114.30,282.50,0.9990,-1,-1,-1
194,8,77.10,158.00,375.40,923.00,1.0000,-1,-1,-1
194,13,1427.50,448.30,64.80,195.40,1.0000,-1,-1,-1
194,14,1218.70,378.20,131.40,360.10,1.0000,-1,-1,-1
194,17,1806.80,391.50,114.20,285.00,0.9870,-1,-1,-1
195,3,1717.60,395.30,106.90,284.60,0.9990,-1,-1,-1
195,8,42.40,160.60,374.10,920.40,1.0000,-1,-1,-1
195,13,1431.10,449.10,64.30,194.90,1.0000,-1,-1,-1
195,14,1229.00,378.30,126.30,358.30,1.0000,-1,-1,-1
195,17,1793.70,389.60,122.80,290.10,0.9970,-1,-1,-1
196,3,1707.70,395.20,110.80,286.40,1.0000,-1,-1,-1
196,8,18.60,156.80,385.50,924.20,1.0000,-1,-1,-1
196,13,1435.50,446.30,68.10,201.30,1.0000,-1,-1,-1
196,14,1231.10,375.80,126.50,366.90,1.0000,-1,-1,-1
196,17,1787.20,394.00,108.60,282.90,0.9940,-1,-1,-1
197,3,1691.90,390.00,118.30,295.60,1.0000,-1,-1,-1
197,8,10.50,154.20,376.10,926.80,1.0000,-1,-1,-1
197,13,1438.70,447.80,65.50,193.60,1.0000,-1,-1,-1
197,14,1238.70,374.00,131.50,353.90,1.0000,-1,-1,-1
197,17,1783.70,395.10,98.80,283.60,0.9950,-1,-1,-1
198,3,1676.80,398.30,138.70,277.30,1.0000,-1,-1,-1
198,8,4.60,155.00,360.70,926.00,1.0000,-1,-1,-1
198,13,1441.40,447.10,66.90,200.20,1.0000,-1,-1,-1
198,14,1247.70,372.80,131.30,361.30,1.0000,-1,-1,-1
198,17,1764.60,396.20,109.20,273.90,0.5510,-1,-1,-1
199,3,1670.00,403.90,143.10,281.60,1.0000,-1,-1,-1
199,8,1.00,139.00,348.20,942.00,1.0000,-1,-1,-1
199,13,1445.60,448.40,67.00,199.80,1.0000,-1,-1,-1
199,14,1259.80,380.40,128.60,358.10,1.0000,-1,-1,-1
199,17,1765.90,404.00,110.00,258.50,0.0520,-1,-1,-1
200,3,1655.60,406.40,153.30,277.50,1.0000,-1,-1,-1
200,8,1.00,154.00,326.80,927.00,1.0000,-1,-1,-1
200,13,1450.90,451.80,64.90,195.80,1.0000,-1,-1,-1
200,14,1268.50,387.00,120.90,339.70,1.0000,-1,-1,-1
200,16,214.00,284.00,244.40,620.20,0.5410,-1,-1,-1
201,3,1647.70,402.40,147.50,280.30,1.0000,-1,-1,-1
201,8,1.00,139.30,300.20,941.70,0.9990,-1,-1,-1
201,13,1456.20,450.40,66.80,199.20,1.0000,-1,-1,-1
201,14,1271.00,376.00,129.20,349.20,1.0000,-1,-1,-1
201,16,186.30,295.30,296.10,607.10,0.9960,-1,-1,-1
201,17,1805.00,424.30,85.60,230.50,0.8660,-1,-1,-1
202,3,1646.00,401.70,147.50,275.50,0.9990,-1,-1,-1
202,8,7.00,153.10,239.80,927.90,0.8950,-1,-1,-1
202,13,1463.60,455.10,63.90,192.10,1.0000,-1,-1,-1
202,14,1288.70,390.40,121.60,338.70,1.0000,-1,-1,-1
202,16,207.80,306.40,272.80,580.80,1.0000,-1,-1,-1
202,17,1807.50,425.40,79.50,228.40,0.9920,-1,-1,-1
203,3,1641.60,407.30,140.50,278.10,1.0000,-1,-1,-1
203,13,1467.00,459.60,62.20,186.80,1.0000,-1,-1,-1
203,14,1291.90,394.10,126.10,330.90,1.0000,-1,-1,-1
203,16,219.10,295.70,263.00,607.60,1.0000,-1,-1,-1
203,17,1808.90,424.90,81.10,227.30,0.9930,-1,-1,-1
203,8,1.10,111.30,236.60,969.70,0.5200,-1,-1,-1
204,3,1637.10,405.50,130.90,274.90,0.9990,-1,-1,-1
204,13,1466.00,459.30,65.90,186.80,1.0000,-1,-1,-1
204,14,1293.90,387.90,126.20,334.20,1.0000,-1,-1,-1
204,16,232.40,304.40,263.20,604.80,1.0000,-1,-1,-1
204,17,1808.10,423.60,83.30,229.90,0.9870,-1,-1,-1
204,8,16.20,158.50,215.20,922.50,0.1790,-1,-1,-1
205,3,1634.90,405.20,116.90,265.60,0.9970,-1,-1,-1
205,13,1472.30,454.10,66.30,196.00,1.0000,-1,-1,-1
205,14,1300.50,385.20,128.70,336.10,1.0000,-1,-1,-1
205,16,263.70,300.90,231.60,604.80,1.0000,-1,-1,-1
205,17,1813.10,423.20,76.90,232.10,0.9810,-1,-1,-1
205,8,5.10,23.70,179.80,1057.30,0.0860,-1,-1,-1
205,-1,1702.90,394.50,136.10,283.10,0.9950,-1,-1,-1
206,3,1631.50,403.20,104.70,272.60,0.9780,-1,-1,-1
206,13,1474.00,451.90,72.50,198.20,1.0000,-1,-1,-1
206,14,1306.90,382.70,123.50,339.80,1.0000,-1,-1,-1
206,16,274.90,302.70,228.60,590.90,1.0000,-1,-1,-1
206,17,1811.10,426.30,80.70,220.80,0.9660,-1,-1,-1
206,18,1681.90,398.20,161.40,281.20,0.9990,-1,-1,-1
207,3,1624.50,400.90,99.90,277.90,0.9990,-1,-1,-1
207,13,1477.70,448.80,83.50,203.20,0.9990,-1,-1,-1
207,14,1316.70,383.90,122.00,338.80,1.0000,-1,-1,-1
207,16,302.70,302.40,204.80,584.90,1.0000,-1,-1,-1
207,17,1816.30,428.40,74.30,217.00,0.9780,-1,-1,-1
207,18,1681.80,396.00,159.20,283.60,0.9990,-1,-1,-1
208,3,1614.90,411.40,97.20,267.10,0.9970,-1,-1,-1
208,13,1481.70,450.20,87.60,199.90,1.0000,-1,-1,-1
208,14,1322.90,383.60,125.20,335.10,1.0000,-1,-1,-1
208,16,309.80,298.30,221.30,574.10,1.0000,-1,-1,-1
208,17,1813.50,431.10,80.80,213.50,0.9980,-1,-1,-1
208,18,1685.10,397.60,145.00,282.60,0.9990,-1,-1,-1
208,-1,1153.70,464.60,54.50,189.60,0.9750,-1,-1,-1
209,3,1609.90,408.00,92.30,266.10,0.9950,-1,-1,-1
209,13,1486.90,451.10,96.10,200.70,1.0000,-1,-1,-1
209,14,1326.10,380.80,132.70,342.10,1.0000,-1,-1,-1
209,16,318.40,307.00,222.70,584.30,1.0000,-1,-1,-1
209,17,1820.50,429.30,75.30,213.00,1.0000,-1,-1,-1
209,18,1669.60,399.20,150.40,274.10,1.0000,-1,-1,-1
209,19,1151.10,463.90,62.00,187.50,1.0000,-1,-1,-1
210,3,1601.60,414.90,97.20,265.20,0.9990,-1,-1,-1
210,13,1491.40,446.20,104.10,207.20,1.0000,-1,-1,-1
210,14,1335.60,383.00,128.60,336.70,1.0000,-1,-1,-1
210,16,328.10,294.00,237.00,583.70,1.0000,-1,-1,-1
210,17,1821.90,430.60,76.60,215.10,1.0000,-1,-1,-1
210,18,1673.90,395.40,122.70,279.40,1.0000,-1,-1,-1
210,19,1152.60,462.20,71.80,187.50,1.0000,-1,-1,-1
211,3,1595.50,403.40,101.20,275.00,0.9990,-1,-1,-1
211,13,1495.70,444.70,103.20,210.30,1.0000,-1,-1,-1
211,14,1340.40,378.30,128.60,339.10,1.0000,-1,-1,-1
211,16,331.70,301.70,253.30,576.90,1.0000,-1,-1,-1
211,17,1821.80,432.20,76.70,211.40,1.0000,-1,-1,-1
211,18,1666.90,401.20,119.40,275.80,1.0000,-1,-1,-1
211,19,1153.20,460.40,76.90,190.10,1.0000,-1,-1,-1
212,3,1577.90,411.90,113.20,273.30,0.9960,-1,-1,-1
212,13,1500.50,445.80,104.90,212.50,0.9980,-1,-1,-1
212,14,1350.30,380.90,131.40,333.90,1.0000,-1,-1,-1
212,16,352.50,303.40,266.50,573.50,1.0000,-1,-1,-1
212,17,1821.60,430.50,78.80,214.30,1.0000,-1,-1,-1
212,18,1658.70,396.60,112.80,285.50,0.9990,-1,-1,-1
212,19,1154.80,462.50,84.60,187.20,1.0000,-1,-1,-1
213,3,1562.90,408.80,132.40,270.60,0.9930,-1,-1,-1
213,13,1506.60,448.20,93.00,205.00,0.9930,-1,-1,-1
213,14,1356.80,386.90,137.00,330.80,1.0000,-1,-1,-1
213,16,359.90,302.90,273.80,574.20,1.0000,-1,-1,-1
213,17,1822.20,427.40,79.70,217.10,1.0000,-1,-1,-1
213,18,1649.40,396.80,110.30,279.80,1.0000,-1,-1,-1
213,19,1159.10,463.00,85.80,186.40,1.0000,-1,-1,-1
214,3,1557.00,406.10,135.40,268.50,0.9970,-1,-1,-1
214,14,1364.20,388.00,135.70,327.80,1.0000,-1,-1,-1
214,16,368.30,297.90,272.50,570.90,1.0000,-1,-1,-1
214,17,1826.10,428.80,76.60,212.90,1.0000,-1,-1,-1
214,18,1645.70,400.70,108.20,278.20,0.9990,-1,-1,-1
214,19,1164.00,461.50,89.60,189.00,1.0000,-1,-1,-1
214,13,1521.30,443.10,72.90,210.30,0.1950,-1,-1,-1
215,3,1541.20,409.00,146.70,259.60,0.9990,-1,-1,-1
215,14,1368.30,393.30,134.30,319.70,1.0000,-1,-1,-1
215,16,372.50,302.70,276.60,568.90,1.0000,-1,-1,-1
215,17,1828.70,427.40,73.00,213.70,1.0000,-1,-1,-1
215,18,1632.00,404.50,117.30,275.80,0.9980,-1,-1,-1
215,19,1168.80,461.80,91.00,187.20,1.0000,-1,-1,-1
216,3,1544.40,412.50,130.20,264.90,0.9970,-1,-1,-1
216,14,1370.40,391.90,134.80,321.10,1.0000,-1,-1,-1
216,16,380.30,302.90,267.30,569.00,1.0000,-1,-1,-1
216,17,1831.40,426.60,73.80,215.90,1.0000,-1,-1,-1
216,18,1625.70,406.00,114.10,275.30,0.9990,-1,-1,-1
216,19,1173.90,458.70,89.10,190.60,1.0000,-1,-1,-1
217,3,1546.30,421.80,120.60,251.80,0.9750,-1,-1,-1
217,14,1380.20,391.10,129.30,322.10,1.0000,-1,-1,-1
217,16,392.50,312.00,253.80,554.90,1.0000,-1,-1,-1
217,17,1832.30,430.60,77.60,210.20,1.0000,-1,-1,-1
217,18,1615.20,404.20,117.40,276.50,1.0000,-1,-1,-1
217,19,1183.30,458.20,85.20,189.10,1.0000,-1,-1,-1
218,3,1543.10,419.80,112.30,249.00,0.9150,-1,-1,-1
218,14,1385.60,390.50,129.40,323.40,1.0000,-1,-1,-1
218,16,406.70,309.90,246.60,551.20,1.0000,-1,-1,-1
218,17,1835.00,429.20,74.50,215.70,1.0000,-1,-1,-1
218,18,1607.90,403.40,121.80,276.70,1.0000,-1,-1,-1
218,19,1186.90,458.00,84.20,189.60,1.0000,-1,-1,-1
219,3,1538.00,415.60,105.50,261.10,0.9800,-1,-1,-1
219,14,1388.20,389.90,126.20,325.00,1.0000,-1,-1,-1
219,16,401.20,310.20,251.90,556.90,1.0000,-1,-1,-1
219,17,1836.10,431.40,74.00,210.10,1.0000,-1,-1,-1
219,18,1600.40,414.30,126.60,267.10,0.9990,-1,-1,-1
219,19,1191.70,459.00,82.70,191.20,1.0000,-1,-1,-1
220,3,1533.70,411.50,98.40,263.80,0.9750,-1,-1,-1
220,14,1398.40,388.90,116.00,324.90,1.0000,-1,-1,-1
220,16,422.30,303.90,234.10,555.80,1.0000,-1,-1,-1
220,17,1837.90,433.10,74.40,208.70,1.0000,-1,-1,-1
220,18,1592.50,408.80,130.80,268.10,1.0000,-1,-1,-1
220,19,1200.30,457.60,76.70,193.60,1.0000,-1,-1,-1
220,-1,1806.50,423.20,64.30,200.20,0.1230,-1,-1,-1
220,-1,5.40,300.90,166.70,691.80,0.1060,-1,-1,-1
221,3,1527.30,417.40,100.90,257.20,0.9950,-1,-1,-1
221,14,1406.00,387.00,112.50,325.80,1.0000,-1,-1,-1
221,16,426.30,308.90,231.80,546.90,1.0000,-1,-1,-1
221,17,1837.50,435.00,73.90,202.20,0.9990,-1,-1,-1
221,18,1588.50,406.60,125.80,269.60,1.0000,-1,-1,-1
221,19,1203.60,457.50,76.90,191.90,1.0000,-1,-1,-1
221,-1,7.30,215.40,184.60,769.80,0.3820,-1,-1,-1
222,3,1517.40,411.30,102.30,263.60,0.9840,-1,-1,-1
222,14,1412.80,392.10,108.50,316.70,1.0000,-1,-1,-1
222,16,442.70,308.20,222.90,538.40,1.0000,-1,-1,-1
222,17,1800.80,419.50,81.00,217.80,0.9990,-1,-1,-1
222,18,1583.90,414.00,116.20,266.90,1.0000,-1,-1,-1
222,19,1207.60,455.10,83.60,195.30,1.0000,-1,-1,-1
222,-1,1.00,200.80,238.80,816.20,0.9610,-1,-1,-1
223,3,1515.90,417.60,91.80,252.90,0.8830,-1,-1,-1
223,14,1417.40,387.60,109.70,322.90,1.0000,-1,-1,-1
223,16,453.80,317.60,222.80,540.60,1.0000,-1,-1,-1
223,17,1798.70,421.50,80.70,214.60,0.9990,-1,-1,-1
223,18,1576.00,411.00,115.90,267.80,1.0000,-1,-1,-1
223,19,1208.80,454.30,88.60,195.90,1.0000,-1,-1,-1
223,20,1.80,211.00,251.50,807.50,0.9980,-1,-1,-1
224,3,1505.60,410.80,87.40,268.20,0.7840,-1,-1,-1
224,14,1419.30,386.20,109.30,317.10,1.0000,-1,-1,-1
224,16,462.40,319.50,202.40,531.70,1.0000,-1,-1,-1
224,17,1798.50,423.00,81.70,214.00,1.0000,-1,-1,-1
224,18,1572.50,414.20,112.00,261.10,1.0000,-1,-1,-1
224,19,1214.10,459.60,86.50,193.30,1.0000,-1,-1,-1
224,20,1.00,221.50,258.90,797.70,0.9980,-1,-1,-1
225,3,1500.30,422.90,98.60,264.70,0.9720,-1,-1,-1
225,14,1425.50,386.80,107.20,317.70,1.0000,-1,-1,-1
225,16,482.80,321.30,187.90,528.70,1.0000,-1,-1,-1
225,17,1800.80,425.50,81.70,211.80,1.0000,-1,-1,-1
225,18,1560.70,408.50,107.60,271.40,0.9990,-1,-1,-1
225,19,1220.20,458.30,90.70,195.20,1.0000,-1,-1,-1
225,20,1.00,232.30,269.30,778.20,0.9990,-1,-1,-1
226,14,1430.80,395.20,111.30,314.60,1.0000,-1,-1,-1
226,16,488.30,304.90,194.00,547.70,1.0000,-1,-1,-1
226,17,1801.00,424.40,82.00,212.10,1.0000,-1,-1,-1
226,18,1556.90,402.60,103.10,275.20,0.9990,-1,-1,-1
226,19,1223.90,457.40,89.50,192.40,1.0000,-1,-1,-1
226,20,1.00,227.60,278.20,783.00,0.9990,-1,-1,-1
227,14,1442.20,396.90,105.50,312.00,1.0000,-1,-1,-1
227,16,507.20,307.90,178.00,535.20,1.0000,-1,-1,-1
227,17,1803.50,420.60,82.00,212.40,1.0000,-1,-1,-1
227,18,1556.60,411.70,100.60,263.30,1.0000,-1,-1,-1
227,19,1230.00,455.40,92.60,199.10,1.0000,-1,-1,-1
227,20,10.00,208.10,295.90,795.40,0.9990,-1,-1,-1
228,14,1446.50,396.00,109.90,309.90,1.0000,-1,-1,-1
228,16,507.80,316.50,181.60,524.40,1.0000,-1,-1,-1
228,17,1806.50,422.40,80.60,210.00,1.0000,-1,-1,-1
228,18,1548.10,410.10,107.60,265.60,0.9990,-1,-1,-1
228,19,1233.00,455.30,94.80,201.60,1.0000,-1,-1,-1
228,20,13.90,220.10,304.80,790.30,1.0000,-1,-1,-1
229,14,1447.50,395.40,111.20,311.00,0.9990,-1,-1,-1
229,16,523.60,315.20,175.80,518.60,1.0000,-1,-1,-1
229,17,1809.70,423.90,78.10,206.60,1.0000,-1,-1,-1
229,18,1541.90,414.20,108.70,262.50,0.9990,-1,-1,-1
229,19,1239.00,457.20,91.90,196.50,1.0000,-1,-1,-1
229,20,24.60,215.70,344.00,771.20,1.0000,-1,-1,-1
230,14,1452.90,393.90,112.60,310.10,0.9990,-1,-1,-1
230,16,530.90,327.00,176.60,527.10,1.0000,-1,-1,-1
230,17,1813.10,421.00,78.20,210.90,1.0000,-1,-1,-1
230,18,1534.40,424.10,109.00,246.10,0.9980,-1,-1,-1
230,19,1249.40,453.90,85.10,199.40,1.0000,-1,-1,-1
230,20,56.60,221.00,347.20,747.90,0.9990,-1,-1,-1
231,14,1462.40,396.50,107.40,309.10,1.0000,-1,-1,-1
231,16,532.10,327.70,187.60,519.50,1.0000,-1,-1,-1
231,17,1814.40,421.00,80.80,211.30,1.0000,-1,-1,-1
231,18,1528.70,423.90,106.30,249.40,0.9910,-1,-1,-1
231,19,1254.50,451.70,83.30,199.30,1.0000,-1,-1,-1
231,20,71.00,223.40,357.60,750.20,0.9990,-1,-1,-1
232,14,1468.10,396.20,105.20,309.20,1.0000,-1,-1,-1
232,16,541.50,329.00,187.90,515.80,1.0000,-1,-1,-1
232,17,1816.70,421.80,80.40,210.30,1.0000,-1,-1,-1
232,19,1263.70,448.10,82.60,200.50,1.0000,-1,-1,-1
232,20,87.00,228.20,377.30,749.60,1.0000,-1,-1,-1
232,18,1541.50,437.80,99.50,223.60,0.5280,-1,-1,-1
233,14,1474.60,394.40,104.80,308.80,1.0000,-1,-1,-1
233,16,553.30,332.70,185.40,516.60,1.0000,-1,-1,-1
233,17,1818.10,420.80,83.70,211.60,1.0000,-1,-1,-1
233,19,1270.10,448.70,81.40,199.20,1.0000,-1,-1,-1
233,20,101.30,247.80,394.30,737.70,1.0000,-1,-1,-1
233,18,1547.40,438.30,97.30,225.50,0.5820,-1,-1,-1
234,3,1436.60,421.40,70.90,256.10,0.7870,-1,-1,-1
234,14,1475.50,394.40,108.90,305.20,0.9980,-1,-1,-1
234,16,561.80,317.30,188.50,520.50,1.0000,-1,-1,-1
234,17,1819.50,421.30,83.90,212.20,1.0000,-1,-1,-1
234,19,1272.80,451.10,78.60,196.70,1.0000,-1,-1,-1
234,20,109.90,244.80,412.20,734.10,1.0000,-1,-1,-1
234,18,1548.20,434.30,102.10,234.20,0.3380,-1,-1,-1
235,3,1422.10,418.70,91.10,251.20,0.9990,-1,-1,-1
235,14,1480.60,391.50,111.30,303.00,0.9990,-1,-1,-1
235,16,565.70,332.00,188.70,505.40,1.0000,-1,-1,-1
235,17,1820.00,422.30,79.90,209.80,1.0000,-1,-1,-1
235,18,1588.50,447.80,80.90,199.10,0.9980,-1,-1,-1
235,19,1279.70,448.30,84.60,201.70,1.0000,-1,-1,-1
235,20,139.70,250.40,395.40,722.40,1.0000,-1,-1,-1
236,3,1417.10,425.80,94.80,244.50,1.0000,-1,-1,-1
236,14,1489.70,396.30,107.10,301.90,1.0000,-1,-1,-1
236,16,570.90,331.30,188.00,508.60,1.0000,-1,-1,-1
236,17,1821.00,422.90,77.50,207.80,1.0000,-1,-1,-1
236,18,1596.00,448.90,76.90,199.00,0.9960,-1,-1,-1
236,19,1281.50,450.20,86.20,199.60,1.0000,-1,-1,-1
236,20,138.20,247.00,408.70,722.00,1.0000,-1,-1,-1
237,3,1408.20,431.40,95.60,239.60,1.0000,-1,-1,-1
237,14,1494.90,391.50,103.50,308.30,1.0000,-1,-1,-1
237,16,584.70,332.50,181.90,508.10,1.0000,-1,-1,-1
237,17,1822.80,421.80,77.00,206.40,1.0000,-1,-1,-1
237,18,1599.90,450.10,77.10,197.80,0.9970,-1,-1,-1
237,19,1285.20,450.70,94.70,196.50,1.0000,-1,-1,-1
237,20,165.20,244.00,392.50,715.10,1.0000,-1,-1,-1
238,3,1405.10,432.00,97.80,240.40,1.0000,-1,-1,-1
238,14,1496.70,393.10,104.50,309.20,1.0000,-1,-1,-1
238,16,590.70,333.30,180.10,505.50,1.0000,-1,-1,-1
238,17,1823.20,422.30,76.50,205.80,1.0000,-1,-1,-1
238,18,1609.00,451.70,73.40,194.30,0.9990,-1,-1,-1
238,19,1288.60,455.10,95.70,192.70,1.0000,-1,-1,-1
238,20,206.30,255.80,366.10,712.80,1.0000,-1,-1,-1
239,3,1402.90,429.90,97.30,244.20,1.0000,-1,-1,-1
239,14,1497.20,394.50,107.50,303.40,1.0000,-1,-1,-1
239,16,597.60,330.60,178.20,502.10,1.0000,-1,-1,-1
239,17,1824.20,424.00,76.50,204.40,1.0000,-1,-1,-1
239,18,1613.80,450.10,71.90,197.30,1.0000,-1,-1,-1
239,19,1290.60,453.30,98.20,198.80,1.0000,-1,-1,-1
239,20,259.80,249.50,314.10,715.70,1.0000,-1,-1,-1
240,3,1395.40,445.00,95.80,227.60,0.9990,-1,-1,-1
240,14,1504.00,400.90,101.80,298.00,0.9990,-1,-1,-1
240,16,605.80,328.20,174.80,499.10,1.0000,-1,-1,-1
240,17,1826.60,424.00,74.80,205.80,1.0000,-1,-1,-1
240,18,1611.30,444.90,75.10,201.00,0.9990,-1,-1,-1
240,19,1297.30,452.60,95.30,197.80,1.0000,-1,-1,-1
240,20,311.30,236.30,270.60,727.10,1.0000,-1,-1,-1
241,3,1387.00,439.80,99.60,229.60,0.9990,-1,-1,-1
241,14,1511.10,403.40,98.70,297.00,1.0000,-1,-1,-1
241,16,611.60,327.70,176.00,499.10,1.0000,-1,-1,-1
241,17,1827.30,425.40,75.50,203.70,1.0000,-1,-1,-1
241,18,1610.40,445.50,77.90,199.20,0.9990,-1,-1,-1
241,19,1298.90,453.70,91.50,200.60,1.0000,-1,-1,-1
241,20,351.80,242.30,241.10,705.10,1.0000,-1,-1,-1
242,3,1381.50,439.40,99.10,232.10,0.9990,-1,-1,-1
242,14,1511.20,400.10,109.70,296.80,1.0000,-1,-1,-1
242,16,619.90,326.20,175.30,493.00,1.0000,-1,-1,-1
242,17,1828.30,424.40,75.90,203.20,1.0000,-1,-1,-1
242,18,1609.80,444.80,77.70,198.00,0.9990,-1,-1,-1
242,19,1306.60,451.70,92.40,199.90,1.0000,-1,-1,-1
242,20,388.60,240.10,217.90,692.10,1.0000,-1,-1,-1
242,-1,1464.90,419.50,58.40,253.70,0.2690,-1,-1,-1
243,3,1371.20,437.30,100.40,233.70,1.0000,-1,-1,-1
243,14,1517.60,400.40,106.10,290.30,1.0000,-1,-1,-1
243,16,626.50,326.20,173.30,491.50,1.0000,-1,-1,-1
243,17,1828.30,424.60,78.00,203.40,1.0000,-1,-1,-1
243,18,1616.30,446.20,74.20,196.90,0.9950,-1,-1,-1
243,19,1311.60,451.30,90.50,197.80,0.9990,-1,-1,-1
243,20,397.70,239.10,226.00,699.00,1.0000,-1,-1,-1
243,-1,1455.60,421.00,79.60,256.60,0.9050,-1,-1,-1
244,3,1367.60,439.20,95.90,230.10,0.9990,-1,-1,-1
244,14,1517.10,396.30,105.00,297.30,1.0000,-1,-1,-1
244,16,632.30,331.00,182.50,493.90,1.0000,-1,-1,-1
244,17,1826.80,425.80,81.30,205.20,1.0000,-1,-1,-1
244,18,1619.40,445.00,73.30,197.70,0.9980,-1,-1,-1
244,19,1326.60,460.10,65.90,185.50,0.7920,-1,-1,-1
244,20,407.80,256.60,242.40,651.40,1.0000,-1,-1,-1
244,21,1452.90,428.10,89.70,241.90,0.9950,-1,-1,-1
245,3,1363.60,442.70,93.50,227.00,0.9990,-1,-1,-1
245,14,1531.40,404.20,96.90,285.90,1.0000,-1,-1,-1
245,16,636.20,328.90,195.10,491.30,1.0000,-1,-1,-1
245,17,1828.10,427.40,81.50,202.30,1.0000,-1,-1,-1
245,18,1624.20,449.10,70.40,192.30,0.9960,-1,-1,-1
245,20,420.20,257.30,262.50,678.20,1.0000,-1,-1,-1
245,21,1437.00,430.50,101.90,240.70,0.9980,-1,-1,-1
246,3,1361.20,434.70,86.30,233.00,0.9990,-1,-1,-1
246,14,1533.20,402.00,100.80,289.50,1.0000,-1,-1,-1
246,16,641.90,327.00,199.60,493.50,0.9970,-1,-1,-1
246,17,1829.90,424.00,79.30,205.30,1.0000,-1,-1,-1
246,18,1629.50,448.50,70.70,193.90,0.9980,-1,-1,-1
246,20,408.80,263.10,318.70,652.10,0.9990,-1,-1,-1
246,21,1428.20,433.20,106.60,240.00,0.9990,-1,-1,-1
247,3,1357.30,439.20,83.70,228.80,1.0000,-1,-1,-1
247,14,1537.30,403.10,101.60,282.90,1.0000,-1,-1,-1
247,16,653.10,328.40,208.10,487.80,0.9120,-1,-1,-1
247,17,1827.30,427.40,81.60,204.60,1.0000,-1,-1,-1
247,18,1628.70,445.30,72.40,198.80,0.9990,-1,-1,-1
247,20,442.90,274.40,305.60,647.90,1.0000,-1,-1,-1
247,21,1410.50,432.30,108.20,239.20,0.9950,-1,-1,-1
248,3,1352.40,436.50,83.60,230.40,0.9980,-1,-1,-1
248,14,1536.90,400.20,103.60,280.50,1.0000,-1,-1,-1
248,17,1832.90,426.80,80.40,203.80,1.0000,-1,-1,-1
248,18,1632.30,446.70,69.50,197.20,0.9990,-1,-1,-1
248,20,443.10,267.90,324.00,658.50,1.0000,-1,-1,-1
248,21,1404.70,428.00,107.00,248.00,1.0000,-1,-1,-1
248,16,663.50,327.40,208.30,482.80,0.4440,-1,-1,-1
249,3,1343.20,440.10,86.40,223.90,0.9990,-1,-1,-1
249,14,1539.90,398.60,102.20,282.00,1.0000,-1,-1,-1
249,17,1835.00,428.10,78.50,202.10,1.0000,-1,-1,-1
249,18,1635.20,444.10,67.60,200.70,0.9990,-1,-1,-1
249,20,460.40,275.50,312.50,645.20,1.0000,-1,-1,-1
249,21,1408.40,429.00,94.90,242.20,1.0000,-1,-1,-1
249,16,669.50,318.60,208.30,493.00,0.0930,-1,-1,-1
250,3,1334.40,440.90,89.00,226.30,0.9990,-1,-1,-1
250,14,1545.60,396.40,99.70,286.30,1.0000,-1,-1,-1
250,17,1838.40,429.60,75.00,203.00,1.0000,-1,-1,-1
250,18,1637.50,445.10,65.30,199.80,0.9990,-1,-1,-1
250,20,481.90,279.70,290.30,651.70,1.0000,-1,-1,-1
250,21,1401.40,435.00,94.00,236.40,1.0000,-1,-1,-1
251,3,1334.20,432.80,85.80,231.30,0.9990,-1,-1,-1
251,14,1552.30,398.60,96.50,278.00,1.0000,-1,-1,-1
251,17,1838.90,430.00,74.60,200.20,1.0000,-1,-1,-1
251,18,1637.40,441.60,67.90,202.60,0.9990,-1,-1,-1
251,20,515.80,273.70,262.50,657.30,1.0000,-1,-1,-1
251,21,1393.60,422.60,89.20,243.60,0.9990,-1,-1,-1
252,3,1327.10,440.90,91.90,227.80,1.0000,-1,-1,-1
252,14,1557.30,398.50,95.80,286.60,1.0000,-1,-1,-1
252,17,1842.10,434.40,71.40,203.10,0.9750,-1,-1,-1
252,18,1638.70,442.70,71.00,202.50,0.9990,-1,-1,-1
252,20,542.90,269.50,239.80,651.10,1.0000,-1,-1,-1
252,21,1391.60,425.30,86.40,243.90,0.9980,-1,-1,-1
253,3,1314.80,438.90,102.50,228.70,0.9990,-1,-1,-1
253,14,1563.50,395.90,94.60,284.30,1.0000,-1,-1,-1
253,18,1642.60,445.50,66.60,198.60,0.9990,-1,-1,-1
253,20,574.40,265.10,229.20,632.10,1.0000,-1,-1,-1
253,21,1386.20,426.20,86.50,239.10,0.9980,-1,-1,-1
253,17,1840.00,405.60,81.00,244.70,0.3950,-1,-1,-1
254,3,1310.80,444.20,105.40,225.40,0.9990,-1,-1,-1
254,14,1565.90,402.30,96.30,280.80,1.0000,-1,-1,-1
254,18,1646.00,448.00,67.90,195.20,0.9990,-1,-1,-1
254,20,606.80,259.80,213.80,627.80,1.0000,-1,-1,-1
254,21,1384.90,427.40,92.00,240.50,0.9990,-1,-1,-1
255,14,1572.00,399.40,94.90,291.40,1.0000,-1,-1,-1
255,18,1649.10,446.70,70.90,200.70,0.9980,-1,-1,-1
255,20,644.90,269.40,195.40,616.10,1.0000,-1,-1,-1
255,21,1359.70,425.40,115.40,246.20,0.9980,-1,-1,-1
255,17,1847.80,389.20,73.20,271.00,0.0530,-1,-1,-1
256,14,1575.40,405.10,97.70,282.50,1.0000,-1,-1,-1
256,18,1652.00,446.90,68.50,198.30,0.9950,-1,-1,-1
256,20,650.70,269.90,204.30,612.10,1.0000,-1,-1,-1
256,21,1350.20,428.30,103.40,242.70,0.9990,-1,-1,-1
256,17,1847.50,384.60,73.50,283.10,0.5440,-1,-1,-1
257,3,1306.60,445.30,77.30,215.60,0.9710,-1,-1,-1
257,14,1579.90,409.40,93.70,277.00,1.0000,-1,-1,-1
257,17,1841.10,380.90,79.90,286.10,0.9460,-1,-1,-1
257,18,1655.50,446.90,67.50,197.70,0.9970,-1,-1,-1
257,20,649.30,274.80,227.50,606.90,1.0000,-1,-1,-1
257,21,1351.80,428.90,96.80,243.50,1.0000,-1,-1,-1
258,3,1298.80,441.50,75.20,221.60,0.9960,-1,-1,-1
258,14,1583.80,404.30,89.70,273.20,1.0000,-1,-1,-1
258,17,1837.30,377.40,83.70,286.90,0.9910,-1,-1,-1
258,18,1659.80,445.80,66.60,198.50,0.9970,-1,-1,-1
258,20,655.60,263.50,238.80,622.60,1.0000,-1,-1,-1
258,21,1347.80,435.70,99.70,231.30,0.9990,-1,-1,-1
258,-1,1405.10,453.60,86.20,209.40,0.0810,-1,-1,-1
259,3,1293.50,436.50,81.10,226.20,0.9980,-1,-1,-1
259,14,1588.90,406.50,92.90,273.30,1.0000,-1,-1,-1
259,17,1833.70,371.30,87.30,309.70,0.9870,-1,-1,-1
259,18,1660.40,446.10,70.50,199.10,0.9920,-1,-1,-1
259,20,662.50,279.00,257.80,598.20,1.0000,-1,-1,-1
259,21,1344.50,440.60,104.50,219.30,0.9980,-1,-1,-1
259,-1,1414.40,450.30,91.70,206.40,0.9990,-1,-1,-1
260,3,1282.40,443.10,79.70,217.60,0.9980,-1,-1,-1
260,14,1591.70,402.70,93.70,271.40,1.0000,-1,-1,-1
260,17,1833.60,366.60,87.40,321.40,0.9910,-1,-1,-1
260,18,1661.20,444.00,68.80,200.20,0.8830,-1,-1,-1
260,20,661.30,283.60,278.40,596.00,1.0000,-1,-1,-1
260,21,1339.80,438.30,104.80,221.60,0.9990,-1,-1,-1
260,22,1425.40,451.20,86.20,205.60,1.0000,-1,-1,-1
261,3,1282.40,436.20,77.30,224.00,0.9980,-1,-1,-1
261,14,1597.80,401.80,94.00,274.80,1.0000,-1,-1,-1
261,17,1827.80,369.40,93.20,319.70,0.9980,-1,-1,-1
261,18,1652.10,437.80,75.70,215.40,0.6830,-1,-1,-1
261,20,671.30,285.70,281.40,595.20,1.0000,-1,-1,-1
261,21,1336.00,438.50,106.90,223.10,1.0000,-1,-1,-1
261,22,1434.10,452.20,84.40,206.00,1.0000,-1,-1,-1
262,3,1280.00,438.70,70.40,226.60,0.9970,-1,-1,-1
262,14,1599.40,398.70,93.70,277.40,1.0000,-1,-1,-1
262,17,1829.00,369.70,92.00,317.30,0.9990,-1,-1,-1
262,20,684.10,306.20,283.00,564.00,1.0000,-1,-1,-1
262,21,1333.60,442.40,102.20,220.70,1.0000,-1,-1,-1
262,22,1433.10,454.80,95.30,203.50,1.0000,-1,-1,-1
262,18,1659.30,441.80,65.30,206.90,0.1080,-1,-1,-1
